Longitude, Latitude, CO2
-79.928755067596,40.444626034204,118
-79.930014000003,40.445199000001,126
-79.931755000003,40.445977000001,130
-79.931755000018,40.445977000008,128
-79.933072000008,40.446556000003,124
-79.934372000004,40.447111000002,120
-79.935453000001,40.447416,120
-79.936111000001,40.447575,120
-79.941303000026,40.447608,128
-79.94130300007,40.447608,140
-79.941303000114,40.447608000001,142
-79.941303000158,40.447608000001,144
-79.941303000202,40.447608000001,140
-79.943180000002,40.447521,140
-79.943180000013,40.447520999999,136
-79.943180000024,40.447520999999,138
-79.943180000035,40.447520999998,144
-79.944864000013,40.447376999999,146
-79.946042000005,40.44729,148
-79.947202000005,40.447213,148
-79.947809000002,40.447178,130
-79.948645,40.447113,126
-79.948645000002,40.447113,130
-79.949539000005,40.447026999999,230
-79.949539000013,40.447026999999,244
-79.94953900002,40.447026999998,248
-79.950528000001,40.446976,234
-79.952343000006,40.446305999998,216
-79.95234300002,40.446305999992,200
-79.954015000014,40.44512499999,188
-79.954015000028,40.44512499998,188
-79.956434000001,40.443427999999,182
-79.956434000009,40.443427999994,180
-79.957177000006,40.442903999996,176
-79.957875000005,40.442369999996,174
-79.958748000007,40.441718999995,180
-79.961162000012,40.439957999991,202
-79.961162000033,40.439957999976,208
-79.961162000053,40.439957999961,206
-79.962678000003,40.438824999998,200
-79.962678000012,40.438824999991,200
-79.963156000002,40.438430999999,196
-79.963536000001,40.438142999999,204
-79.963961000001,40.437899999999,224
-79.964878000004,40.437796,232
-79.965340000001,40.437615,232
-79.965917000001,40.437031999999,226
-79.966930000001,40.436541,216
-79.967817000005,40.43651,208
-79.970685000002,40.437082,186
-79.970685000019,40.437082000005,174
-79.971968000003,40.437524000001,168
-79.972304000001,40.437651,160
-79.975077000002,40.438189,146
-79.975077000022,40.438189000004,138
-79.975077000041,40.438189000007,138
-79.975765000003,40.438244,124
-79.976453000004,40.43829,120
-79.977027000003,40.438325,114
-79.977842000002,40.438361,114
-79.978801000003,40.438406,112
-79.979225,40.438414,114
-79.980437000004,40.438395,134
-79.980437000014,40.438395,142
-79.980437000025,40.438395,150
-79.981589000002,40.438476,154
-79.982892000006,40.438526,154
-79.984341000004,40.438604,152
-79.985644000011,40.43865,144
-79.987189000012,40.438709,144
-79.988600000007,40.438766,140
-79.990656000007,40.438842,142
-79.990656000024,40.438842000001,138
-79.994407000022,40.439800000006,136
-79.994407000054,40.439800000014,136
-79.994407000086,40.439800000022,138
-79.994407000117,40.43980000003,134
-79.994407000152,40.439800000039,136
-79.994407000184,40.439800000047,136
-79.994407000216,40.439800000055,130
-79.996211000005,40.439248999999,132
-79.99621100002,40.439248999994,128
-79.996211000035,40.439248999989,188
-79.99621100005,40.439248999985,190
-80.000086000026,40.440531000009,190
-80.000086000059,40.44053100002,180
-80.000086000092,40.44053100003,176
-80.000086000125,40.440531000041,158
-80.000086000157,40.440531000052,152
-80.00008600019,40.440531000063,144
-80.000086000223,40.440531000074,136
-80.000086000256,40.440531000085,128
-80.000086000288,40.440531000095,132
-80.000086000321,40.440531000106,134
-80.000086000354,40.440531000117,134
-80.002200000002,40.441493000001,138
-80.00220000002,40.441493000009,146
-80.002200000038,40.441493000017,158
-80.002200000055,40.441493000025,160
-80.002318999999,40.441897,158
-80.002158999999,40.442913000007,160
-80.002158999998,40.442913000015,156
-80.002158999996,40.442913000024,152
-80.002436000001,40.443414000002,146
-80.003140000001,40.445350000002,140
-80.003140000007,40.445350000018,136
-80.003140000013,40.445350000034,126
-80.003140000018,40.445350000051,126
-80.003140000024,40.445350000067,122
-80.00314000003,40.445350000084,122
-80.003140000036,40.4453500001,120
-80.003140000042,40.445350000116,122
-80.003892000003,40.447209000008,118
-80.00389200001,40.447209000024,116
-80.003892000016,40.447209000039,112
-80.004101000001,40.447534000001,110
-80.004101000002,40.447534000004,108
-80.004023,40.44709,108
-80.004073,40.446666,106
-80.004062,40.446644,106
-80.004502000001,40.446297999999,108
-80.004502000005,40.446297999996,104
-80.004502000009,40.446297999993,106
-80.004502000012,40.44629799999,102
-80.004502000016,40.446297999987,104
-80.005209000003,40.446054999999,108
-80.005911000002,40.445928,106
-80.006603000001,40.445818,102
-80.006982,40.445737,98
-80.007984,40.4456,92
-80.008509000003,40.445501999999,96
-80.009712000007,40.445292999999,104
-80.009712000014,40.445292999997,102
-80.009712000021,40.445292999996,96
-80.009712000028,40.445292999994,94
-80.009712000035,40.445292999993,94
-80.009712000042,40.445292999991,94
-80.009712000049,40.44529299999,100
-80.009712000056,40.445292999988,102
-80.009712000063,40.445292999987,100
-80.00971200007,40.445292999986,98
-80.009712000077,40.445292999984,96
-80.009712000084,40.445292999983,94
-80.009712000091,40.445292999981,90
-80.009712000098,40.44529299998,84
-80.009712000105,40.445292999978,86
-80.009712000112,40.445292999977,90
-80.009712000119,40.445292999975,90
-80.009712000126,40.445292999974,90
-80.009712000133,40.445292999973,92
-80.00971200014,40.445292999971,90
-80.009712000147,40.44529299997,92
-80.009712000154,40.445292999968,90
-80.009712000161,40.445292999967,94
-80.009712000168,40.445292999965,94
-80.009712000175,40.445292999964,92
-80.009712000182,40.445292999962,90
-80.009712000189,40.445292999961,94
-80.009712000196,40.44529299996,96
-80.009712000203,40.445292999958,100
-80.00971200021,40.445292999957,96
-80.009712000217,40.445292999955,96
-80.009712000224,40.445292999954,96
-80.009712000231,40.445292999952,96
-80.010331000002,40.445216,94
-80.010681000001,40.445163,92
-80.011283000003,40.445076,88
-80.01176,40.445012,90
-80.012538000005,40.444944,90
-80.013759000006,40.444822999999,92
-80.013759000017,40.444822999998,96
-80.014782000003,40.444839,92
-80.016037000001,40.444952,98
-80.016361000001,40.445058,100
-80.01667,40.445330000001,102
-80.016870000001,40.445467,92
-80.017172000002,40.445905000003,90
-80.017527000002,40.446770000004,94
-80.018547000008,40.446788,100
-80.019467000004,40.44673,96
-80.019853,40.446853,96
-80.020218000002,40.447784000006,98
-80.020218000005,40.447784000013,96
-80.020909,40.448091,94
-80.021287,40.449367000002,92
-80.021287000003,40.44936700001,92
-80.021287000005,40.449367000018,92
-80.022615000001,40.449487,88
-80.023105,40.449689,86
-80.023367,40.450351,90
-80.023454,40.450605,88
-80.023494,40.45068,94
-80.023702,40.451285000001,94
-80.023882,40.451764000001,102
-80.024236,40.452922000001,114
-80.024236000003,40.452922000011,122
-80.024236000006,40.452922000021,118
-80.024575000002,40.454011000007,114
-80.024575000005,40.454011000017,114
-80.024756000001,40.454552000004,112
-80.025014000002,40.455299000006,110
-80.025308000001,40.456062000004,110
-80.026310000001,40.456017,104
-80.026310000009,40.456017,98
-80.026724000002,40.455945,98
-80.027109,40.456595000001,98
-80.027302,40.457232000002,94
-80.027734,40.458581000001,96
-80.027734000004,40.458581000013,98
-80.027734000008,40.458581000024,108
-80.028449000001,40.458544,106
-80.029404000003,40.458364999999,104
-80.029716,40.458309,104
-80.029893000001,40.458765000002,106
-80.030112000001,40.459500000003,104
-80.031181000003,40.460001000001,108
-80.031181000012,40.460001000006,106
-80.031181000021,40.46000100001,106
-80.031375000001,40.460130000001,102
-80.031579000001,40.460846000004,96
-80.031823000001,40.461626000003,96
-80.031823000003,40.461626000009,96
-80.032242,40.462067,94
-80.033750000006,40.463327000004,100
-80.034809,40.464306,96
-80.035635000003,40.465118000003,92
-80.035972000001,40.465663000002,90
-80.036392000003,40.466390000005,88
-80.037005000001,40.467388000001,92
-80.037461000001,40.467900000001,90
-80.037977000002,40.468635000002,82
-80.038407000001,40.469244000001,84
-80.038778000001,40.469766000001,82
-80.039243000001,40.470419000002,88
-80.03951,40.47081,86
-80.039817000001,40.471282000001,86
-80.03992,40.471479,84
-80.040020000001,40.472107000005,80
-80.040067,40.472741000004,84
-80.040128,40.473581000005,90
-80.041047000002,40.473639,92
-80.041047000009,40.473639000001,92
-80.041585000003,40.473634,92
-80.042925000009,40.473583,92
-80.04292500002,40.473582999999,94
-80.043934000007,40.473614,86
-80.043934000015,40.473614,92
-80.043165999999,40.473508999999,92
-80.040803999992,40.473579,90
-80.040803999972,40.473579000001,92
-80.040803999952,40.473579000001,84
-80.040092,40.4737,82
-80.040091999999,40.473700000001,86
-80.040073,40.47371,86
-80.040079,40.473693,88
-80.040079,40.473693,90
-80.040079,40.473693,88
-80.04012,40.473711,90
-80.040194,40.473623,88
-80.04016,40.473159999997,90
-80.040146,40.472618999996,90
-80.040117,40.472057999997,90
-80.040084,40.471584999997,94
-80.039108999995,40.471588,94
-80.039108999987,40.471588000001,92
-80.038504999995,40.471680000001,92
-80.036612999986,40.471734,94
-80.03661299997,40.471734000001,94
-80.036612999954,40.471734000001,92
-80.036612999938,40.471734000002,92
-80.036612999922,40.471734000002,88
-80.036612999906,40.471734000003,86
-80.03661299989,40.471734000003,86
-80.036612999874,40.471734000004,90
-80.035974999996,40.471764,92
-80.035460999997,40.471738,104
-80.034870999996,40.471538999998,106
-80.034481999998,40.471408999999,110
-80.034119,40.471414,114
-80.034118999997,40.471414,122
-80.034008,40.471389,126
-80.033961,40.471386,128
-80.033709,40.471379,132
-80.033708999997,40.471379,146
-80.033708999995,40.471379,152
-80.035449000013,40.471592000002,150
-80.036546000003,40.471725,148
-80.037425000001,40.471715,140
-80.038233000003,40.472677000003,122
-80.039594000002,40.471634999998,114
-80.039594000014,40.471634999989,108
-80.039980000002,40.471535999999,106
-80.039694999999,40.470768999998,100
-80.039356999999,40.470294999999,104
-80.039032999999,40.469833999998,102
-80.038783999999,40.469506999999,98
-80.038428999998,40.468950999996,94
-80.037959999997,40.468278999995,92
-80.037585999998,40.467759999997,88
-80.037111999997,40.467041999996,88
-80.036589999998,40.466185999996,90
-80.036253,40.465597,90
-80.035807,40.46505,90
-80.035382,40.464646,88
-80.035001999999,40.464269999999,86
-80.034582999999,40.463869999999,84
-80.034061999999,40.463382999999,86
-80.033534,40.462957,90
-80.032796999997,40.462443999998,92
-80.032142999997,40.461948999997,92
-80.031743999999,40.461585999999,92
-80.031514999999,40.461209999998,98
-80.031162999999,40.461356000001,102
-80.031162999996,40.461356000002,102
-80.031382000001,40.46129,106
-80.031382000003,40.461289999999,104
-80.031382000005,40.461289999999,96
-80.031382000007,40.461289999998,92
-80.031442,40.461368000001,92
-80.03143,40.461418,90
-80.031388,40.461597000001,94
-80.030907999996,40.462115000004,90
-80.030310999997,40.461704999998,92
-80.030310999992,40.461704999995,96
-80.029769,40.461512,90
-80.029034999998,40.461251999999,92
-80.028492999999,40.461046999999,92
-80.027807999997,40.460767999999,94
-80.026889999996,40.460428999999,94
-80.025851999998,40.460054999999,92
-80.025851999989,40.460054999996,92
-80.025058999995,40.459732999998,94
-80.024384999996,40.459374999998,92
-80.023821999997,40.458998999998,92
-80.023193,40.458647,92
-80.022546999999,40.458565,92
-80.021718999998,40.458698,94
-80.020789999998,40.458867,96
-80.019805999998,40.459067,98
-80.018505999989,40.459329000002,100
-80.017612999997,40.459473,102
-80.017306999999,40.459536,102
-80.016581999996,40.459321999999,104
-80.01658199999,40.459321999997,104
-80.016274,40.458811999999,114
-80.015758999997,40.457285999993,116
-80.014617999992,40.456966000001,110
-80.014343999999,40.456435999998,110
-80.014167,40.455880999999,108
-80.013842,40.455078999999,110
-80.013841999997,40.455078999993,112
-80.013688999999,40.454416999997,106
-80.013654,40.454256,112
-80.013657,40.454188,112
-80.013151999997,40.45419,110
-80.013334000001,40.454118,110
-80.012895,40.453692,108
-80.013009,40.453183999999,102
-80.013009000002,40.453183999997,102
-80.013009000004,40.453183999994,100
-80.013135000001,40.453194,102
-80.013320000001,40.453294000001,100
-80.013610000001,40.453495000001,100
-80.013974,40.453678,100
-80.013974000003,40.453678000002,106
-80.014178000001,40.453763000001,104
-80.014178000003,40.453763000001,106
-80.014178000005,40.453763000002,104
-80.014178000006,40.453763000003,108
-80.014178000008,40.453763000003,110
-80.01417800001,40.453763000004,112
-80.014178000012,40.453763000005,114
-80.014178000013,40.453763000006,118
-80.014178000015,40.453763000006,118
-80.014178000017,40.453763000007,126
-80.014178000018,40.453763000008,122
-80.01417800002,40.453763000008,118
-80.014178000022,40.453763000009,112
-80.014178000024,40.45376300001,112
-80.014178000025,40.453763000011,106
-80.014178000027,40.453763000011,104
-80.014310000001,40.453831,100
-80.014326,40.453700999999,100
-80.014119,40.453116999999,108
-80.013557999995,40.452818999998,110
-80.013002999995,40.452498999997,116
-80.012815999999,40.452358,120
-80.012673,40.452148,118
-80.012191999997,40.451985999999,114
-80.011349999994,40.451608999997,114
-80.010713999999,40.451506,118
-80.009819999994,40.451720000001,120
-80.009202999998,40.451847,118
-80.008211999995,40.452047000001,118
-80.007870999999,40.452112,116
-80.007185999995,40.450996999992,114
-80.007185999989,40.450996999982,114
-80.007006999999,40.450349999998,114
-80.006677,40.449961,110
-80.005695999995,40.450126000001,112
-80.005189999998,40.450216,106
-80.004604,40.449204999999,110
-80.004603999998,40.449204999993,124
-80.003984999995,40.448261999992,130
-80.00398499999,40.448261999984,134
-80.003984999984,40.448261999976,132
-80.003782,40.447413999999,134
-80.003781999998,40.447413999993,132
-80.003682,40.446665999999,132
-80.003561,40.446172999999,132
-80.003365,40.445625999999,134
-80.003223,40.445246,130
-80.003013999999,40.444704999999,128
-80.002833999999,40.444283999999,128
-80.000079999984,40.443342999994,124
-80.00007999996,40.443342999986,116
-80.000079999937,40.443342999979,114
-80.000079999914,40.443342999971,114
-80.000079999891,40.443342999963,112
-80.000079999867,40.443342999955,114
-80.000079999844,40.443342999947,114
-80.000079999821,40.443342999939,112
-79.998264999995,40.443685000001,108
-79.99826499998,40.443685000004,112
-79.998264999965,40.443685000007,116
-79.998264999949,40.44368500001,120
-79.998264999934,40.443685000012,124
-79.993898999982,40.444980000005,122
-79.993898999945,40.444980000016,126
-79.993898999908,40.444980000027,126
-79.993898999871,40.444980000038,130
-79.993898999834,40.444980000049,136
-79.993898999797,40.44498000006,134
-79.99389899976,40.444980000071,134
-79.993898999723,40.444980000082,138
-79.993898999686,40.444980000093,142
-79.993898999649,40.444980000104,144
-79.993898999612,40.444980000115,140
-79.993361999999,40.446005000003,138
-79.993361999994,40.446005000011,138
-79.99336199999,40.44600500002,136
-79.993361999985,40.446005000029,132
-79.99336199998,40.446005000037,126
-79.992348,40.446745,132
-79.991517999993,40.447306000005,148
-79.990247999992,40.448088000005,144
-79.990247999982,40.448088000011,146
-79.989632999997,40.448444000002,138
-79.988886999996,40.448900000002,138
-79.987999999997,40.449432000002,132
-79.98775,40.449631,132
-79.987222999997,40.449976000002,130
-79.986282999993,40.450554000004,130
-79.985606999997,40.451005000002,128
-79.984804999997,40.451570000002,126
-79.984168999998,40.452036000001,120
-79.983606999999,40.452533000001,122
-79.982957999998,40.452984000001,122
-79.982197999998,40.453504000001,120
-79.981512999999,40.453989000001,124
-79.980862999999,40.454422000001,122
-79.980124999999,40.454935000001,124
-79.979420999999,40.455414,120
-79.978016999999,40.456388,120
-79.978016999992,40.456388000005,120
-79.977287999994,40.456914000004,120
-79.976652999996,40.457340000003,120
-79.976098999996,40.457696000002,116
-79.974311999995,40.458966000004,120
-79.973708999995,40.459366000003,120
-79.972961999994,40.459858000004,118
-79.972231999996,40.460367000003,118
-79.971629999997,40.460798000002,120
-79.970972999997,40.461258000002,118
-79.970019999994,40.461897000004,116
-79.969342999995,40.462367000004,114
-79.968526999999,40.463123000001,110
-79.967987999998,40.462975999999,112
-79.967448,40.46275,110
-79.967447999995,40.462749999998,112
-79.96727,40.46268,106
-79.96727,40.46268,108
-79.966837999999,40.462819,112
-79.966837999995,40.462819000002,114
-79.966501999999,40.463030000001,112
-79.966055999998,40.463344000001,116
-79.965341999997,40.463860000002,132
-79.964729,40.463996,126
-79.964337999999,40.464061,128
-79.963777999999,40.464154,128
-79.963777999994,40.464154000001,122
-79.963133999995,40.464276000001,122
-79.962645999999,40.464356,120
-79.962064999999,40.464456,122
-79.962064999995,40.464456000001,120
-79.961619999997,40.464519,124
-79.961203999997,40.464585,126
-79.960063999999,40.464773,134
-79.959502999998,40.464867,138
-79.959137999999,40.464938,142
-79.958633999998,40.465033,146
-79.958115999999,40.465111,148
-79.957625999999,40.465181,144
-79.957536,40.465192,144
-79.957551,40.465191,144
-79.957551,40.465191,142
-79.957551,40.465191,140
-79.956759999994,40.465335000001,130
-79.956759999987,40.465335000002,126
-79.956759999981,40.465335000004,124
-79.956759999974,40.465335000005,120
-79.956759999967,40.465335000006,122
-79.956194999998,40.465439,128
-79.955859999999,40.465484,128
-79.955492999998,40.465553,128
-79.955378999999,40.46557,130
-79.954868999996,40.465672000001,128
-79.954868999992,40.465672000002,128
-79.954339999999,40.46576,130
-79.953803999999,40.46585,136
-79.952962999999,40.466163,136
-79.952416,40.466142,146
-79.952078,40.466158,152
-79.951484999999,40.466158,166
-79.950653999996,40.466034999999,172
-79.949819999997,40.465908,174
-79.949002999998,40.465789,176
-79.948053999998,40.465653,174
-79.94805399999,40.465652999999,172
-79.947103999993,40.465501999999,166
-79.946433999997,40.465405,166
-79.945796999996,40.465326,178
-79.945035999999,40.465231,182
-79.944189999996,40.465122999999,180
-79.943767999999,40.465071,184
-79.942821999994,40.464923999999,184
-79.942084999997,40.464836,182
-79.941352999997,40.464751,176
-79.940812999998,40.464677,180
-79.940046999997,40.464567,180
-79.939428999997,40.464496,180
-79.939009999998,40.464492,176
-79.937830999999,40.464542,172
-79.937007999999,40.464589,168
-79.936472,40.464607,168
-79.935608999999,40.464668,172
-79.935359,40.464683,172
-79.935302,40.464663,160
-79.93525,40.464678,158
-79.935249999999,40.464678,154
-79.935249999999,40.464678,156
-79.935249999999,40.464678,158
-79.935249999998,40.464678000001,162
-79.935249999998,40.464678000001,166
-79.935249999997,40.464678000001,164
-79.935249999997,40.464678000001,164
-79.935249999996,40.464678000001,166
-79.935249999996,40.464678000001,426
-79.934539999991,40.464714000001,238
-79.934085,40.464593,226
-79.933316999997,40.464336999999,226
-79.933011999999,40.464237,226
-79.931270999999,40.463603,220
-79.930888,40.463463,210
-79.931094,40.46286,206
-79.931430000001,40.462319999999,196
-79.931952000002,40.461465999997,188
-79.932402000004,40.460705999994,168
-79.932839000003,40.459979999995,164
-79.933302000003,40.459252999996,166
-79.933551,40.458867,162
-79.933875,40.458352,158
-79.934097000001,40.457966999998,160
-79.934084,40.457088999999,158
-79.934083999999,40.457088999995,156
-79.933707999998,40.456569999997,156
-79.933424999998,40.456106999997,158
-79.933152999999,40.455682999998,156
-79.932823999998,40.455146999997,152
-79.932198999996,40.454077999994,152
-79.932198999992,40.454077999988,156
-79.932198999988,40.454077999982,150
-79.932198999985,40.454077999976,150
-79.932198999981,40.454077999969,166
-79.931919999998,40.453599999997,164
-79.931413999997,40.452756999996,170
-79.930989,40.45203,174
-79.930643,40.451445,176
-79.930642999997,40.451444999995,182
-79.930415999998,40.451025999997,192
-79.930131999998,40.450545999996,194
-79.929749999999,40.449856999998,196
-79.929686,40.449753,198
Longitude, Latitude, CO
-79.928755067596,40.444626034204,0
-79.930014000003,40.445199000001,0
-79.931755000003,40.445977000001,0
-79.931755000018,40.445977000008,0
-79.933072000008,40.446556000003,0
-79.934372000004,40.447111000002,0
-79.935453000001,40.447416,0
-79.936111000001,40.447575,0
-79.941303000026,40.447608,1
-79.94130300007,40.447608,0
-79.941303000114,40.447608000001,0
-79.941303000158,40.447608000001,0
-79.941303000202,40.447608000001,0
-79.943180000002,40.447521,0
-79.943180000013,40.447520999999,0
-79.943180000024,40.447520999999,0
-79.943180000035,40.447520999998,0
-79.944864000013,40.447376999999,0
-79.946042000005,40.44729,0
-79.947202000005,40.447213,0
-79.947809000002,40.447178,0
-79.948645,40.447113,0
-79.948645000002,40.447113,0
-79.949539000005,40.447026999999,0
-79.949539000013,40.447026999999,0
-79.94953900002,40.447026999998,0
-79.950528000001,40.446976,0
-79.952343000006,40.446305999998,0
-79.95234300002,40.446305999992,0
-79.954015000014,40.44512499999,0
-79.954015000028,40.44512499998,0
-79.956434000001,40.443427999999,0
-79.956434000009,40.443427999994,0
-79.957177000006,40.442903999996,0
-79.957875000005,40.442369999996,0
-79.958748000007,40.441718999995,0
-79.961162000012,40.439957999991,0
-79.961162000033,40.439957999976,0
-79.961162000053,40.439957999961,0
-79.962678000003,40.438824999998,0
-79.962678000012,40.438824999991,0
-79.963156000002,40.438430999999,0
-79.963536000001,40.438142999999,0
-79.963961000001,40.437899999999,0
-79.964878000004,40.437796,0
-79.965340000001,40.437615,0
-79.965917000001,40.437031999999,0
-79.966930000001,40.436541,0
-79.967817000005,40.43651,0
-79.970685000002,40.437082,0
-79.970685000019,40.437082000005,0
-79.971968000003,40.437524000001,0
-79.972304000001,40.437651,0
-79.975077000002,40.438189,0
-79.975077000022,40.438189000004,0
-79.975077000041,40.438189000007,0
-79.975765000003,40.438244,0
-79.976453000004,40.43829,0
-79.977027000003,40.438325,0
-79.977842000002,40.438361,0
-79.978801000003,40.438406,0
-79.979225,40.438414,0
-79.980437000004,40.438395,0
-79.980437000014,40.438395,0
-79.980437000025,40.438395,0
-79.981589000002,40.438476,0
-79.982892000006,40.438526,0
-79.984341000004,40.438604,0
-79.985644000011,40.43865,0
-79.987189000012,40.438709,0
-79.988600000007,40.438766,0
-79.990656000007,40.438842,0
-79.990656000024,40.438842000001,0
-79.994407000022,40.439800000006,1
-79.994407000054,40.439800000014,0
-79.994407000086,40.439800000022,0
-79.994407000117,40.43980000003,0
-79.994407000152,40.439800000039,0
-79.994407000184,40.439800000047,0
-79.994407000216,40.439800000055,0
-79.996211000005,40.439248999999,0
-79.99621100002,40.439248999994,0
-79.996211000035,40.439248999989,0
-79.99621100005,40.439248999985,0
-80.000086000026,40.440531000009,0
-80.000086000059,40.44053100002,0
-80.000086000092,40.44053100003,0
-80.000086000125,40.440531000041,0
-80.000086000157,40.440531000052,0
-80.00008600019,40.440531000063,0
-80.000086000223,40.440531000074,0
-80.000086000256,40.440531000085,0
-80.000086000288,40.440531000095,0
-80.000086000321,40.440531000106,0
-80.000086000354,40.440531000117,0
-80.002200000002,40.441493000001,0
-80.00220000002,40.441493000009,0
-80.002200000038,40.441493000017,0
-80.002200000055,40.441493000025,0
-80.002318999999,40.441897,0
-80.002158999999,40.442913000007,0
-80.002158999998,40.442913000015,0
-80.002158999996,40.442913000024,0
-80.002436000001,40.443414000002,0
-80.003140000001,40.445350000002,0
-80.003140000007,40.445350000018,0
-80.003140000013,40.445350000034,0
-80.003140000018,40.445350000051,0
-80.003140000024,40.445350000067,0
-80.00314000003,40.445350000084,0
-80.003140000036,40.4453500001,0
-80.003140000042,40.445350000116,0
-80.003892000003,40.447209000008,0
-80.00389200001,40.447209000024,0
-80.003892000016,40.447209000039,0
-80.004101000001,40.447534000001,0
-80.004101000002,40.447534000004,0
-80.004023,40.44709,0
-80.004073,40.446666,0
-80.004062,40.446644,0
-80.004502000001,40.446297999999,0
-80.004502000005,40.446297999996,0
-80.004502000009,40.446297999993,0
-80.004502000012,40.44629799999,0
-80.004502000016,40.446297999987,0
-80.005209000003,40.446054999999,0
-80.005911000002,40.445928,0
-80.006603000001,40.445818,0
-80.006982,40.445737,0
-80.007984,40.4456,0
-80.008509000003,40.445501999999,0
-80.009712000007,40.445292999999,0
-80.009712000014,40.445292999997,0
-80.009712000021,40.445292999996,0
-80.009712000028,40.445292999994,0
-80.009712000035,40.445292999993,0
-80.009712000042,40.445292999991,0
-80.009712000049,40.44529299999,0
-80.009712000056,40.445292999988,0
-80.009712000063,40.445292999987,0
-80.00971200007,40.445292999986,0
-80.009712000077,40.445292999984,0
-80.009712000084,40.445292999983,0
-80.009712000091,40.445292999981,0
-80.009712000098,40.44529299998,0
-80.009712000105,40.445292999978,0
-80.009712000112,40.445292999977,0
-80.009712000119,40.445292999975,0
-80.009712000126,40.445292999974,0
-80.009712000133,40.445292999973,0
-80.00971200014,40.445292999971,0
-80.009712000147,40.44529299997,0
-80.009712000154,40.445292999968,0
-80.009712000161,40.445292999967,0
-80.009712000168,40.445292999965,0
-80.009712000175,40.445292999964,0
-80.009712000182,40.445292999962,0
-80.009712000189,40.445292999961,0
-80.009712000196,40.44529299996,0
-80.009712000203,40.445292999958,0
-80.00971200021,40.445292999957,0
-80.009712000217,40.445292999955,0
-80.009712000224,40.445292999954,1
-80.009712000231,40.445292999952,0
-80.010331000002,40.445216,0
-80.010681000001,40.445163,0
-80.011283000003,40.445076,0
-80.01176,40.445012,0
-80.012538000005,40.444944,0
-80.013759000006,40.444822999999,0
-80.013759000017,40.444822999998,0
-80.014782000003,40.444839,0
-80.016037000001,40.444952,0
-80.016361000001,40.445058,0
-80.01667,40.445330000001,0
-80.016870000001,40.445467,0
-80.017172000002,40.445905000003,0
-80.017527000002,40.446770000004,0
-80.018547000008,40.446788,0
-80.019467000004,40.44673,0
-80.019853,40.446853,0
-80.020218000002,40.447784000006,0
-80.020218000005,40.447784000013,0
-80.020909,40.448091,0
-80.021287,40.449367000002,0
-80.021287000003,40.44936700001,0
-80.021287000005,40.449367000018,0
-80.022615000001,40.449487,0
-80.023105,40.449689,0
-80.023367,40.450351,0
-80.023454,40.450605,0
-80.023494,40.45068,0
-80.023702,40.451285000001,0
-80.023882,40.451764000001,0
-80.024236,40.452922000001,0
-80.024236000003,40.452922000011,0
-80.024236000006,40.452922000021,0
-80.024575000002,40.454011000007,0
-80.024575000005,40.454011000017,0
-80.024756000001,40.454552000004,0
-80.025014000002,40.455299000006,0
-80.025308000001,40.456062000004,0
-80.026310000001,40.456017,0
-80.026310000009,40.456017,0
-80.026724000002,40.455945,0
-80.027109,40.456595000001,0
-80.027302,40.457232000002,0
-80.027734,40.458581000001,0
-80.027734000004,40.458581000013,0
-80.027734000008,40.458581000024,0
-80.028449000001,40.458544,0
-80.029404000003,40.458364999999,0
-80.029716,40.458309,0
-80.029893000001,40.458765000002,0
-80.030112000001,40.459500000003,0
-80.031181000003,40.460001000001,0
-80.031181000012,40.460001000006,0
-80.031181000021,40.46000100001,0
-80.031375000001,40.460130000001,0
-80.031579000001,40.460846000004,0
-80.031823000001,40.461626000003,0
-80.031823000003,40.461626000009,0
-80.032242,40.462067,0
-80.033750000006,40.463327000004,0
-80.034809,40.464306,0
-80.035635000003,40.465118000003,0
-80.035972000001,40.465663000002,0
-80.036392000003,40.466390000005,0
-80.037005000001,40.467388000001,0
-80.037461000001,40.467900000001,0
-80.037977000002,40.468635000002,0
-80.038407000001,40.469244000001,0
-80.038778000001,40.469766000001,0
-80.039243000001,40.470419000002,0
-80.03951,40.47081,0
-80.039817000001,40.471282000001,0
-80.03992,40.471479,0
-80.040020000001,40.472107000005,0
-80.040067,40.472741000004,0
-80.040128,40.473581000005,0
-80.041047000002,40.473639,0
-80.041047000009,40.473639000001,0
-80.041585000003,40.473634,0
-80.042925000009,40.473583,0
-80.04292500002,40.473582999999,0
-80.043934000007,40.473614,0
-80.043934000015,40.473614,0
-80.043165999999,40.473508999999,0
-80.040803999992,40.473579,0
-80.040803999972,40.473579000001,0
-80.040803999952,40.473579000001,0
-80.040092,40.4737,0
-80.040091999999,40.473700000001,0
-80.040073,40.47371,0
-80.040079,40.473693,0
-80.040079,40.473693,0
-80.040079,40.473693,0
-80.04012,40.473711,0
-80.040194,40.473623,0
-80.04016,40.473159999997,0
-80.040146,40.472618999996,0
-80.040117,40.472057999997,0
-80.040084,40.471584999997,0
-80.039108999995,40.471588,0
-80.039108999987,40.471588000001,0
-80.038504999995,40.471680000001,0
-80.036612999986,40.471734,0
-80.03661299997,40.471734000001,0
-80.036612999954,40.471734000001,0
-80.036612999938,40.471734000002,0
-80.036612999922,40.471734000002,0
-80.036612999906,40.471734000003,0
-80.03661299989,40.471734000003,0
-80.036612999874,40.471734000004,0
-80.035974999996,40.471764,0
-80.035460999997,40.471738,0
-80.034870999996,40.471538999998,1
-80.034481999998,40.471408999999,0
-80.034119,40.471414,0
-80.034118999997,40.471414,0
-80.034008,40.471389,0
-80.033961,40.471386,0
-80.033709,40.471379,0
-80.033708999997,40.471379,0
-80.033708999995,40.471379,0
-80.035449000013,40.471592000002,0
-80.036546000003,40.471725,0
-80.037425000001,40.471715,0
-80.038233000003,40.472677000003,0
-80.039594000002,40.471634999998,0
-80.039594000014,40.471634999989,0
-80.039980000002,40.471535999999,0
-80.039694999999,40.470768999998,0
-80.039356999999,40.470294999999,0
-80.039032999999,40.469833999998,0
-80.038783999999,40.469506999999,0
-80.038428999998,40.468950999996,0
-80.037959999997,40.468278999995,0
-80.037585999998,40.467759999997,0
-80.037111999997,40.467041999996,0
-80.036589999998,40.466185999996,0
-80.036253,40.465597,0
-80.035807,40.46505,0
-80.035382,40.464646,0
-80.035001999999,40.464269999999,0
-80.034582999999,40.463869999999,0
-80.034061999999,40.463382999999,0
-80.033534,40.462957,0
-80.032796999997,40.462443999998,0
-80.032142999997,40.461948999997,0
-80.031743999999,40.461585999999,0
-80.031514999999,40.461209999998,0
-80.031162999999,40.461356000001,0
-80.031162999996,40.461356000002,0
-80.031382000001,40.46129,0
-80.031382000003,40.461289999999,0
-80.031382000005,40.461289999999,0
-80.031382000007,40.461289999998,0
-80.031442,40.461368000001,0
-80.03143,40.461418,0
-80.031388,40.461597000001,0
-80.030907999996,40.462115000004,0
-80.030310999997,40.461704999998,0
-80.030310999992,40.461704999995,0
-80.029769,40.461512,0
-80.029034999998,40.461251999999,0
-80.028492999999,40.461046999999,0
-80.027807999997,40.460767999999,0
-80.026889999996,40.460428999999,0
-80.025851999998,40.460054999999,0
-80.025851999989,40.460054999996,0
-80.025058999995,40.459732999998,0
-80.024384999996,40.459374999998,0
-80.023821999997,40.458998999998,0
-80.023193,40.458647,0
-80.022546999999,40.458565,0
-80.021718999998,40.458698,0
-80.020789999998,40.458867,0
-80.019805999998,40.459067,0
-80.018505999989,40.459329000002,0
-80.017612999997,40.459473,0
-80.017306999999,40.459536,0
-80.016581999996,40.459321999999,0
-80.01658199999,40.459321999997,0
-80.016274,40.458811999999,0
-80.015758999997,40.457285999993,0
-80.014617999992,40.456966000001,0
-80.014343999999,40.456435999998,0
-80.014167,40.455880999999,0
-80.013842,40.455078999999,0
-80.013841999997,40.455078999993,0
-80.013688999999,40.454416999997,0
-80.013654,40.454256,0
-80.013657,40.454188,0
-80.013151999997,40.45419,0
-80.013334000001,40.454118,0
-80.012895,40.453692,0
-80.013009,40.453183999999,0
-80.013009000002,40.453183999997,0
-80.013009000004,40.453183999994,0
-80.013135000001,40.453194,0
-80.013320000001,40.453294000001,0
-80.013610000001,40.453495000001,0
-80.013974,40.453678,0
-80.013974000003,40.453678000002,0
-80.014178000001,40.453763000001,0
-80.014178000003,40.453763000001,0
-80.014178000005,40.453763000002,0
-80.014178000006,40.453763000003,0
-80.014178000008,40.453763000003,0
-80.01417800001,40.453763000004,0
-80.014178000012,40.453763000005,0
-80.014178000013,40.453763000006,0
-80.014178000015,40.453763000006,0
-80.014178000017,40.453763000007,0
-80.014178000018,40.453763000008,0
-80.01417800002,40.453763000008,0
-80.014178000022,40.453763000009,0
-80.014178000024,40.45376300001,0
-80.014178000025,40.453763000011,0
-80.014178000027,40.453763000011,0
-80.014310000001,40.453831,0
-80.014326,40.453700999999,0
-80.014119,40.453116999999,0
-80.013557999995,40.452818999998,0
-80.013002999995,40.452498999997,0
-80.012815999999,40.452358,0
-80.012673,40.452148,0
-80.012191999997,40.451985999999,0
-80.011349999994,40.451608999997,0
-80.010713999999,40.451506,0
-80.009819999994,40.451720000001,0
-80.009202999998,40.451847,0
-80.008211999995,40.452047000001,0
-80.007870999999,40.452112,0
-80.007185999995,40.450996999992,0
-80.007185999989,40.450996999982,0
-80.007006999999,40.450349999998,0
-80.006677,40.449961,0
-80.005695999995,40.450126000001,0
-80.005189999998,40.450216,0
-80.004604,40.449204999999,0
-80.004603999998,40.449204999993,0
-80.003984999995,40.448261999992,0
-80.00398499999,40.448261999984,0
-80.003984999984,40.448261999976,0
-80.003782,40.447413999999,0
-80.003781999998,40.447413999993,0
-80.003682,40.446665999999,0
-80.003561,40.446172999999,0
-80.003365,40.445625999999,0
-80.003223,40.445246,0
-80.003013999999,40.444704999999,0
-80.002833999999,40.444283999999,0
-80.000079999984,40.443342999994,0
-80.00007999996,40.443342999986,0
-80.000079999937,40.443342999979,0
-80.000079999914,40.443342999971,0
-80.000079999891,40.443342999963,0
-80.000079999867,40.443342999955,0
-80.000079999844,40.443342999947,0
-80.000079999821,40.443342999939,0
-79.998264999995,40.443685000001,0
-79.99826499998,40.443685000004,0
-79.998264999965,40.443685000007,0
-79.998264999949,40.44368500001,0
-79.998264999934,40.443685000012,0
-79.993898999982,40.444980000005,0
-79.993898999945,40.444980000016,0
-79.993898999908,40.444980000027,0
-79.993898999871,40.444980000038,0
-79.993898999834,40.444980000049,0
-79.993898999797,40.44498000006,0
-79.99389899976,40.444980000071,0
-79.993898999723,40.444980000082,0
-79.993898999686,40.444980000093,0
-79.993898999649,40.444980000104,0
-79.993898999612,40.444980000115,0
-79.993361999999,40.446005000003,0
-79.993361999994,40.446005000011,0
-79.99336199999,40.44600500002,0
-79.993361999985,40.446005000029,1
-79.99336199998,40.446005000037,0
-79.992348,40.446745,0
-79.991517999993,40.447306000005,0
-79.990247999992,40.448088000005,0
-79.990247999982,40.448088000011,0
-79.989632999997,40.448444000002,0
-79.988886999996,40.448900000002,0
-79.987999999997,40.449432000002,0
-79.98775,40.449631,0
-79.987222999997,40.449976000002,0
-79.986282999993,40.450554000004,0
-79.985606999997,40.451005000002,0
-79.984804999997,40.451570000002,0
-79.984168999998,40.452036000001,0
-79.983606999999,40.452533000001,0
-79.982957999998,40.452984000001,0
-79.982197999998,40.453504000001,0
-79.981512999999,40.453989000001,0
-79.980862999999,40.454422000001,0
-79.980124999999,40.454935000001,0
-79.979420999999,40.455414,0
-79.978016999999,40.456388,0
-79.978016999992,40.456388000005,0
-79.977287999994,40.456914000004,0
-79.976652999996,40.457340000003,0
-79.976098999996,40.457696000002,0
-79.974311999995,40.458966000004,0
-79.973708999995,40.459366000003,0
-79.972961999994,40.459858000004,0
-79.972231999996,40.460367000003,0
-79.971629999997,40.460798000002,0
-79.970972999997,40.461258000002,0
-79.970019999994,40.461897000004,0
-79.969342999995,40.462367000004,0
-79.968526999999,40.463123000001,0
-79.967987999998,40.462975999999,0
-79.967448,40.46275,0
-79.967447999995,40.462749999998,0
-79.96727,40.46268,0
-79.96727,40.46268,0
-79.966837999999,40.462819,0
-79.966837999995,40.462819000002,0
-79.966501999999,40.463030000001,0
-79.966055999998,40.463344000001,0
-79.965341999997,40.463860000002,1
-79.964729,40.463996,0
-79.964337999999,40.464061,0
-79.963777999999,40.464154,0
-79.963777999994,40.464154000001,0
-79.963133999995,40.464276000001,0
-79.962645999999,40.464356,0
-79.962064999999,40.464456,0
-79.962064999995,40.464456000001,0
-79.961619999997,40.464519,0
-79.961203999997,40.464585,0
-79.960063999999,40.464773,0
-79.959502999998,40.464867,0
-79.959137999999,40.464938,0
-79.958633999998,40.465033,0
-79.958115999999,40.465111,0
-79.957625999999,40.465181,0
-79.957536,40.465192,0
-79.957551,40.465191,0
-79.957551,40.465191,0
-79.957551,40.465191,0
-79.956759999994,40.465335000001,0
-79.956759999987,40.465335000002,0
-79.956759999981,40.465335000004,0
-79.956759999974,40.465335000005,0
-79.956759999967,40.465335000006,0
-79.956194999998,40.465439,0
-79.955859999999,40.465484,0
-79.955492999998,40.465553,0
-79.955378999999,40.46557,0
-79.954868999996,40.465672000001,0
-79.954868999992,40.465672000002,0
-79.954339999999,40.46576,0
-79.953803999999,40.46585,1
-79.952962999999,40.466163,1
-79.952416,40.466142,1
-79.952078,40.466158,0
-79.951484999999,40.466158,0
-79.950653999996,40.466034999999,0
-79.949819999997,40.465908,0
-79.949002999998,40.465789,0
-79.948053999998,40.465653,0
-79.94805399999,40.465652999999,0
-79.947103999993,40.465501999999,0
-79.946433999997,40.465405,0
-79.945796999996,40.465326,0
-79.945035999999,40.465231,0
-79.944189999996,40.465122999999,2
-79.943767999999,40.465071,0
-79.942821999994,40.464923999999,0
-79.942084999997,40.464836,0
-79.941352999997,40.464751,0
-79.940812999998,40.464677,0
-79.940046999997,40.464567,0
-79.939428999997,40.464496,0
-79.939009999998,40.464492,0
-79.937830999999,40.464542,0
-79.937007999999,40.464589,0
-79.936472,40.464607,0
-79.935608999999,40.464668,0
-79.935359,40.464683,0
-79.935302,40.464663,0
-79.93525,40.464678,0
-79.935249999999,40.464678,0
-79.935249999999,40.464678,0
-79.935249999999,40.464678,0
-79.935249999998,40.464678000001,0
-79.935249999998,40.464678000001,0
-79.935249999997,40.464678000001,0
-79.935249999997,40.464678000001,0
-79.935249999996,40.464678000001,1
-79.935249999996,40.464678000001,6
-79.934539999991,40.464714000001,1
-79.934085,40.464593,1
-79.933316999997,40.464336999999,1
-79.933011999999,40.464237,1
-79.931270999999,40.463603,1
-79.930888,40.463463,0
-79.931094,40.46286,0
-79.931430000001,40.462319999999,0
-79.931952000002,40.461465999997,0
-79.932402000004,40.460705999994,0
-79.932839000003,40.459979999995,0
-79.933302000003,40.459252999996,0
-79.933551,40.458867,0
-79.933875,40.458352,1
-79.934097000001,40.457966999998,1
-79.934084,40.457088999999,0
-79.934083999999,40.457088999995,0
-79.933707999998,40.456569999997,1
-79.933424999998,40.456106999997,0
-79.933152999999,40.455682999998,0
-79.932823999998,40.455146999997,0
-79.932198999996,40.454077999994,0
-79.932198999992,40.454077999988,0
-79.932198999988,40.454077999982,0
-79.932198999985,40.454077999976,0
-79.932198999981,40.454077999969,0
-79.931919999998,40.453599999997,0
-79.931413999997,40.452756999996,3
-79.930989,40.45203,3
-79.930643,40.451445,7
-79.930642999997,40.451444999995,10
-79.930415999998,40.451025999997,6
-79.930131999998,40.450545999996,4
-79.929749999999,40.449856999998,2
-79.929686,40.449753,1
Longitude, Latitude, Temp
-79.928755067596,40.444626034204,89
-79.930014000003,40.445199000001,86.8
-79.931755000003,40.445977000001,87.1
-79.931755000018,40.445977000008,85.4
-79.933072000008,40.446556000003,85.2
-79.934372000004,40.447111000002,85.3
-79.935453000001,40.447416,85.4
-79.936111000001,40.447575,85.8
-79.941303000026,40.447608,86
-79.94130300007,40.447608,87.4
-79.941303000114,40.447608000001,86.9
-79.941303000158,40.447608000001,85.9
-79.941303000202,40.447608000001,85.7
-79.943180000002,40.447521,86.6
-79.943180000013,40.447520999999,89.3
-79.943180000024,40.447520999999,88.7
-79.943180000035,40.447520999998,87.7
-79.944864000013,40.447376999999,87.6
-79.946042000005,40.44729,86.9
-79.947202000005,40.447213,86.2
-79.947809000002,40.447178,85.6
-79.948645,40.447113,87.1
-79.948645000002,40.447113,87.4
-79.949539000005,40.447026999999,88.3
-79.949539000013,40.447026999999,87.7
-79.94953900002,40.447026999998,86.8
-79.950528000001,40.446976,86.8
-79.952343000006,40.446305999998,87.2
-79.95234300002,40.446305999992,87.3
-79.954015000014,40.44512499999,88
-79.954015000028,40.44512499998,87.8
-79.956434000001,40.443427999999,88.2
-79.956434000009,40.443427999994,89
-79.957177000006,40.442903999996,86.9
-79.957875000005,40.442369999996,88.8
-79.958748000007,40.441718999995,88.3
-79.961162000012,40.439957999991,89.8
-79.961162000033,40.439957999976,88.3
-79.961162000053,40.439957999961,87
-79.962678000003,40.438824999998,86.2
-79.962678000012,40.438824999991,87.5
-79.963156000002,40.438430999999,89.4
-79.963536000001,40.438142999999,90.4
-79.963961000001,40.437899999999,88.8
-79.964878000004,40.437796,87.9
-79.965340000001,40.437615,87.6
-79.965917000001,40.437031999999,87.4
-79.966930000001,40.436541,87.8
-79.967817000005,40.43651,85.6
-79.970685000002,40.437082,85.8
-79.970685000019,40.437082000005,85.6
-79.971968000003,40.437524000001,85.4
-79.972304000001,40.437651,86.8
-79.975077000002,40.438189,87.2
-79.975077000022,40.438189000004,86.8
-79.975077000041,40.438189000007,87.1
-79.975765000003,40.438244,87.8
-79.976453000004,40.43829,87.9
-79.977027000003,40.438325,88.1
-79.977842000002,40.438361,88.9
-79.978801000003,40.438406,89
-79.979225,40.438414,89.3
-79.980437000004,40.438395,90.4
-79.980437000014,40.438395,90.5
-79.980437000025,40.438395,91.7
-79.981589000002,40.438476,91.2
-79.982892000006,40.438526,89.4
-79.984341000004,40.438604,89.2
-79.985644000011,40.43865,88.5
-79.987189000012,40.438709,88.3
-79.988600000007,40.438766,88.6
-79.990656000007,40.438842,88.5
-79.990656000024,40.438842000001,88.8
-79.994407000022,40.439800000006,89
-79.994407000054,40.439800000014,88.2
-79.994407000086,40.439800000022,88.3
-79.994407000117,40.43980000003,87.9
-79.994407000152,40.439800000039,88.2
-79.994407000184,40.439800000047,88.5
-79.994407000216,40.439800000055,89
-79.996211000005,40.439248999999,88.8
-79.99621100002,40.439248999994,88.9
-79.996211000035,40.439248999989,89.4
-79.99621100005,40.439248999985,89.4
-80.000086000026,40.440531000009,89.4
-80.000086000059,40.44053100002,89.8
-80.000086000092,40.44053100003,89.9
-80.000086000125,40.440531000041,89.9
-80.000086000157,40.440531000052,89.9
-80.00008600019,40.440531000063,90
-80.000086000223,40.440531000074,89.6
-80.000086000256,40.440531000085,88.7
-80.000086000288,40.440531000095,89
-80.000086000321,40.440531000106,89.3
-80.000086000354,40.440531000117,89.8
-80.002200000002,40.441493000001,90.4
-80.00220000002,40.441493000009,90.3
-80.002200000038,40.441493000017,89.5
-80.002200000055,40.441493000025,88.5
-80.002318999999,40.441897,89.6
-80.002158999999,40.442913000007,89.8
-80.002158999998,40.442913000015,90.1
-80.002158999996,40.442913000024,89.7
-80.002436000001,40.443414000002,88.9
-80.003140000001,40.445350000002,88.3
-80.003140000007,40.445350000018,88.2
-80.003140000013,40.445350000034,88.8
-80.003140000018,40.445350000051,89.4
-80.003140000024,40.445350000067,89.6
-80.00314000003,40.445350000084,89.6
-80.003140000036,40.4453500001,89.4
-80.003140000042,40.445350000116,88.5
-80.003892000003,40.447209000008,88.2
-80.00389200001,40.447209000024,87.7
-80.003892000016,40.447209000039,87.5
-80.004101000001,40.447534000001,87.7
-80.004101000002,40.447534000004,88.3
-80.004023,40.44709,88.5
-80.004073,40.446666,88.7
-80.004062,40.446644,88.5
-80.004502000001,40.446297999999,88.7
-80.004502000005,40.446297999996,88.6
-80.004502000009,40.446297999993,88.8
-80.004502000012,40.44629799999,89
-80.004502000016,40.446297999987,88.8
-80.005209000003,40.446054999999,88
-80.005911000002,40.445928,87.9
-80.006603000001,40.445818,88.1
-80.006982,40.445737,88.2
-80.007984,40.4456,87.9
-80.008509000003,40.445501999999,88.1
-80.009712000007,40.445292999999,87.7
-80.009712000014,40.445292999997,87.9
-80.009712000021,40.445292999996,87.2
-80.009712000028,40.445292999994,85.4
-80.009712000035,40.445292999993,84.9
-80.009712000042,40.445292999991,85.3
-80.009712000049,40.44529299999,85.8
-80.009712000056,40.445292999988,85.7
-80.009712000063,40.445292999987,85.1
-80.00971200007,40.445292999986,85.3
-80.009712000077,40.445292999984,85.3
-80.009712000084,40.445292999983,85.4
-80.009712000091,40.445292999981,86.9
-80.009712000098,40.44529299998,89.2
-80.009712000105,40.445292999978,87.9
-80.009712000112,40.445292999977,86.8
-80.009712000119,40.445292999975,87.9
-80.009712000126,40.445292999974,89.4
-80.009712000133,40.445292999973,90
-80.00971200014,40.445292999971,87.7
-80.009712000147,40.44529299997,87.7
-80.009712000154,40.445292999968,87.9
-80.009712000161,40.445292999967,89.5
-80.009712000168,40.445292999965,90.1
-80.009712000175,40.445292999964,89.3
-80.009712000182,40.445292999962,87.7
-80.009712000189,40.445292999961,86
-80.009712000196,40.44529299996,86.2
-80.009712000203,40.445292999958,87.6
-80.00971200021,40.445292999957,89.4
-80.009712000217,40.445292999955,90.3
-80.009712000224,40.445292999954,90.3
-80.009712000231,40.445292999952,90.2
-80.010331000002,40.445216,89.4
-80.010681000001,40.445163,89
-80.011283000003,40.445076,88.5
-80.01176,40.445012,88.3
-80.012538000005,40.444944,88.2
-80.013759000006,40.444822999999,87.5
-80.013759000017,40.444822999998,87.5
-80.014782000003,40.444839,87.6
-80.016037000001,40.444952,87.8
-80.016361000001,40.445058,87.7
-80.01667,40.445330000001,88.3
-80.016870000001,40.445467,88.2
-80.017172000002,40.445905000003,88.6
-80.017527000002,40.446770000004,89.1
-80.018547000008,40.446788,89.4
-80.019467000004,40.44673,89.5
-80.019853,40.446853,89.2
-80.020218000002,40.447784000006,89
-80.020218000005,40.447784000013,89.3
-80.020909,40.448091,89.3
-80.021287,40.449367000002,89.1
-80.021287000003,40.44936700001,89.3
-80.021287000005,40.449367000018,89.7
-80.022615000001,40.449487,89.4
-80.023105,40.449689,89.2
-80.023367,40.450351,89.4
-80.023454,40.450605,89.7
-80.023494,40.45068,90.1
-80.023702,40.451285000001,90.5
-80.023882,40.451764000001,90.8
-80.024236,40.452922000001,90.3
-80.024236000003,40.452922000011,90
-80.024236000006,40.452922000021,89.8
-80.024575000002,40.454011000007,89.6
-80.024575000005,40.454011000017,89.6
-80.024756000001,40.454552000004,89.8
-80.025014000002,40.455299000006,89.9
-80.025308000001,40.456062000004,90
-80.026310000001,40.456017,90.1
-80.026310000009,40.456017,90
-80.026724000002,40.455945,89.8
-80.027109,40.456595000001,89.9
-80.027302,40.457232000002,90.1
-80.027734,40.458581000001,90.3
-80.027734000004,40.458581000013,89.6
-80.027734000008,40.458581000024,89.4
-80.028449000001,40.458544,89.3
-80.029404000003,40.458364999999,89.6
-80.029716,40.458309,89.8
-80.029893000001,40.458765000002,89.9
-80.030112000001,40.459500000003,89.6
-80.031181000003,40.460001000001,89.2
-80.031181000012,40.460001000006,89
-80.031181000021,40.46000100001,88.8
-80.031375000001,40.460130000001,89
-80.031579000001,40.460846000004,89.7
-80.031823000001,40.461626000003,89.8
-80.031823000003,40.461626000009,89.8
-80.032242,40.462067,89.9
-80.033750000006,40.463327000004,89.4
-80.034809,40.464306,89.4
-80.035635000003,40.465118000003,88.9
-80.035972000001,40.465663000002,88.6
-80.036392000003,40.466390000005,89.6
-80.037005000001,40.467388000001,89.3
-80.037461000001,40.467900000001,89.2
-80.037977000002,40.468635000002,89.5
-80.038407000001,40.469244000001,89.6
-80.038778000001,40.469766000001,89
-80.039243000001,40.470419000002,88.7
-80.03951,40.47081,89
-80.039817000001,40.471282000001,89.1
-80.03992,40.471479,89.2
-80.040020000001,40.472107000005,88.9
-80.040067,40.472741000004,88.9
-80.040128,40.473581000005,89.2
-80.041047000002,40.473639,89.1
-80.041047000009,40.473639000001,89
-80.041585000003,40.473634,89.4
-80.042925000009,40.473583,89.2
-80.04292500002,40.473582999999,89
-80.043934000007,40.473614,88.6
-80.043934000015,40.473614,88.8
-80.043165999999,40.473508999999,89.1
-80.040803999992,40.473579,89.3
-80.040803999972,40.473579000001,89.5
-80.040803999952,40.473579000001,89.8
-80.040092,40.4737,89.8
-80.040091999999,40.473700000001,90.3
-80.040073,40.47371,90.5
-80.040079,40.473693,90.6
-80.040079,40.473693,90.7
-80.040079,40.473693,90.7
-80.04012,40.473711,91
-80.040194,40.473623,90.9
-80.04016,40.473159999997,90.7
-80.040146,40.472618999996,89
-80.040117,40.472057999997,89.2
-80.040084,40.471584999997,89.3
-80.039108999995,40.471588,89.8
-80.039108999987,40.471588000001,89.4
-80.038504999995,40.471680000001,89.6
-80.036612999986,40.471734,90.1
-80.03661299997,40.471734000001,90.5
-80.036612999954,40.471734000001,90.6
-80.036612999938,40.471734000002,90.7
-80.036612999922,40.471734000002,90.8
-80.036612999906,40.471734000003,90.9
-80.03661299989,40.471734000003,90.5
-80.036612999874,40.471734000004,89.8
-80.035974999996,40.471764,89.6
-80.035460999997,40.471738,89
-80.034870999996,40.471538999998,89.2
-80.034481999998,40.471408999999,89.2
-80.034119,40.471414,89
-80.034118999997,40.471414,88.6
-80.034008,40.471389,88.9
-80.033961,40.471386,89.3
-80.033709,40.471379,89.5
-80.033708999997,40.471379,89.7
-80.033708999995,40.471379,90
-80.035449000013,40.471592000002,87.5
-80.036546000003,40.471725,87.5
-80.037425000001,40.471715,87.5
-80.038233000003,40.472677000003,87.9
-80.039594000002,40.471634999998,87.7
-80.039594000014,40.471634999989,88.3
-80.039980000002,40.471535999999,88.3
-80.039694999999,40.470768999998,88.7
-80.039356999999,40.470294999999,89.3
-80.039032999999,40.469833999998,88.6
-80.038783999999,40.469506999999,88.2
-80.038428999998,40.468950999996,88.3
-80.037959999997,40.468278999995,89.2
-80.037585999998,40.467759999997,90
-80.037111999997,40.467041999996,90
-80.036589999998,40.466185999996,89.6
-80.036253,40.465597,89.4
-80.035807,40.46505,89.5
-80.035382,40.464646,89.7
-80.035001999999,40.464269999999,89.1
-80.034582999999,40.463869999999,88.7
-80.034061999999,40.463382999999,89.3
-80.033534,40.462957,89.5
-80.032796999997,40.462443999998,89.7
-80.032142999997,40.461948999997,90.2
-80.031743999999,40.461585999999,90.3
-80.031514999999,40.461209999998,89.9
-80.031162999999,40.461356000001,89.4
-80.031162999996,40.461356000002,89.9
-80.031382000001,40.46129,90
-80.031382000003,40.461289999999,89.2
-80.031382000005,40.461289999999,89.5
-80.031382000007,40.461289999998,89.9
-80.031442,40.461368000001,90.2
-80.03143,40.461418,90.4
-80.031388,40.461597000001,90.4
-80.030907999996,40.462115000004,89.6
-80.030310999997,40.461704999998,90
-80.030310999992,40.461704999995,90.4
-80.029769,40.461512,90.2
-80.029034999998,40.461251999999,90.2
-80.028492999999,40.461046999999,89.6
-80.027807999997,40.460767999999,89
-80.026889999996,40.460428999999,88.5
-80.025851999998,40.460054999999,88.8
-80.025851999989,40.460054999996,88.7
-80.025058999995,40.459732999998,88.5
-80.024384999996,40.459374999998,88.6
-80.023821999997,40.458998999998,89.2
-80.023193,40.458647,89.4
-80.022546999999,40.458565,89.9
-80.021718999998,40.458698,90.3
-80.020789999998,40.458867,90.3
-80.019805999998,40.459067,90.3
-80.018505999989,40.459329000002,89.9
-80.017612999997,40.459473,89.7
-80.017306999999,40.459536,89.4
-80.016581999996,40.459321999999,89.3
-80.01658199999,40.459321999997,89.3
-80.016274,40.458811999999,89.6
-80.015758999997,40.457285999993,89
-80.014617999992,40.456966000001,89.4
-80.014343999999,40.456435999998,89.3
-80.014167,40.455880999999,89.2
-80.013842,40.455078999999,89.6
-80.013841999997,40.455078999993,89
-80.013688999999,40.454416999997,88.9
-80.013654,40.454256,88.6
-80.013657,40.454188,89
-80.013151999997,40.45419,89.2
-80.013334000001,40.454118,89.2
-80.012895,40.453692,88.2
-80.013009,40.453183999999,87.9
-80.013009000002,40.453183999997,88.3
-80.013009000004,40.453183999994,88.8
-80.013135000001,40.453194,89.2
-80.013320000001,40.453294000001,89.4
-80.013610000001,40.453495000001,90
-80.013974,40.453678,89.7
-80.013974000003,40.453678000002,89.4
-80.014178000001,40.453763000001,89.6
-80.014178000003,40.453763000001,90.1
-80.014178000005,40.453763000002,90.5
-80.014178000006,40.453763000003,90.8
-80.014178000008,40.453763000003,91.2
-80.01417800001,40.453763000004,91.4
-80.014178000012,40.453763000005,91.5
-80.014178000013,40.453763000006,91.6
-80.014178000015,40.453763000006,91.9
-80.014178000017,40.453763000007,91.9
-80.014178000018,40.453763000008,91.7
-80.01417800002,40.453763000008,91.9
-80.014178000022,40.453763000009,91.9
-80.014178000024,40.45376300001,92.1
-80.014178000025,40.453763000011,92.2
-80.014178000027,40.453763000011,92.1
-80.014310000001,40.453831,91
-80.014326,40.453700999999,91.3
-80.014119,40.453116999999,91.6
-80.013557999995,40.452818999998,91
-80.013002999995,40.452498999997,90.7
-80.012815999999,40.452358,90.9
-80.012673,40.452148,90.8
-80.012191999997,40.451985999999,90
-80.011349999994,40.451608999997,89
-80.010713999999,40.451506,89
-80.009819999994,40.451720000001,89.2
-80.009202999998,40.451847,88.9
-80.008211999995,40.452047000001,88.8
-80.007870999999,40.452112,89.1
-80.007185999995,40.450996999992,88.8
-80.007185999989,40.450996999982,88.2
-80.007006999999,40.450349999998,88.1
-80.006677,40.449961,88.4
-80.005695999995,40.450126000001,88.7
-80.005189999998,40.450216,88.9
-80.004604,40.449204999999,89.1
-80.004603999998,40.449204999993,89.2
-80.003984999995,40.448261999992,89.9
-80.00398499999,40.448261999984,88.8
-80.003984999984,40.448261999976,88.7
-80.003782,40.447413999999,88.9
-80.003781999998,40.447413999993,88.4
-80.003682,40.446665999999,88.3
-80.003561,40.446172999999,88.6
-80.003365,40.445625999999,88.7
-80.003223,40.445246,88.7
-80.003013999999,40.444704999999,88.9
-80.002833999999,40.444283999999,89
-80.000079999984,40.443342999994,88.5
-80.00007999996,40.443342999986,87.9
-80.000079999937,40.443342999979,88.2
-80.000079999914,40.443342999971,88.9
-80.000079999891,40.443342999963,89.3
-80.000079999867,40.443342999955,89.4
-80.000079999844,40.443342999947,89.4
-80.000079999821,40.443342999939,88.7
-79.998264999995,40.443685000001,89
-79.99826499998,40.443685000004,89.6
-79.998264999965,40.443685000007,89.6
-79.998264999949,40.44368500001,89.2
-79.998264999934,40.443685000012,89.3
-79.993898999982,40.444980000005,89.7
-79.993898999945,40.444980000016,90.1
-79.993898999908,40.444980000027,90.3
-79.993898999871,40.444980000038,90.5
-79.993898999834,40.444980000049,90.3
-79.993898999797,40.44498000006,89.8
-79.99389899976,40.444980000071,89
-79.993898999723,40.444980000082,89
-79.993898999686,40.444980000093,89.4
-79.993898999649,40.444980000104,89.2
-79.993898999612,40.444980000115,88.5
-79.993361999999,40.446005000003,88.4
-79.993361999994,40.446005000011,89.1
-79.99336199999,40.44600500002,89
-79.993361999985,40.446005000029,89.2
-79.99336199998,40.446005000037,90.3
-79.992348,40.446745,90.7
-79.991517999993,40.447306000005,90
-79.990247999992,40.448088000005,89.4
-79.990247999982,40.448088000011,89.3
-79.989632999997,40.448444000002,89.6
-79.988886999996,40.448900000002,90
-79.987999999997,40.449432000002,89.8
-79.98775,40.449631,89.3
-79.987222999997,40.449976000002,89.6
-79.986282999993,40.450554000004,89.3
-79.985606999997,40.451005000002,88.9
-79.984804999997,40.451570000002,89
-79.984168999998,40.452036000001,89.2
-79.983606999999,40.452533000001,89.5
-79.982957999998,40.452984000001,89.6
-79.982197999998,40.453504000001,89.5
-79.981512999999,40.453989000001,89.3
-79.980862999999,40.454422000001,89.5
-79.980124999999,40.454935000001,89
-79.979420999999,40.455414,88.7
-79.978016999999,40.456388,88.1
-79.978016999992,40.456388000005,88.6
-79.977287999994,40.456914000004,89.1
-79.976652999996,40.457340000003,89.4
-79.976098999996,40.457696000002,89.4
-79.974311999995,40.458966000004,89.7
-79.973708999995,40.459366000003,89.5
-79.972961999994,40.459858000004,89.6
-79.972231999996,40.460367000003,89.6
-79.971629999997,40.460798000002,89.7
-79.970972999997,40.461258000002,89.4
-79.970019999994,40.461897000004,89.6
-79.969342999995,40.462367000004,89.6
-79.968526999999,40.463123000001,89.7
-79.967987999998,40.462975999999,89.9
-79.967448,40.46275,90
-79.967447999995,40.462749999998,90.1
-79.96727,40.46268,90.3
-79.96727,40.46268,90.5
-79.966837999999,40.462819,90.6
-79.966837999995,40.462819000002,90.6
-79.966501999999,40.463030000001,90.6
-79.966055999998,40.463344000001,90.5
-79.965341999997,40.463860000002,90.5
-79.964729,40.463996,90.5
-79.964337999999,40.464061,90.7
-79.963777999999,40.464154,90.7
-79.963777999994,40.464154000001,90.9
-79.963133999995,40.464276000001,90.9
-79.962645999999,40.464356,90.6
-79.962064999999,40.464456,90
-79.962064999995,40.464456000001,90.4
-79.961619999997,40.464519,90.7
-79.961203999997,40.464585,90.8
-79.960063999999,40.464773,91
-79.959502999998,40.464867,91.2
-79.959137999999,40.464938,91.4
-79.958633999998,40.465033,91.3
-79.958115999999,40.465111,91
-79.957625999999,40.465181,90.8
-79.957536,40.465192,90.6
-79.957551,40.465191,90.9
-79.957551,40.465191,91.3
-79.957551,40.465191,91.3
-79.956759999994,40.465335000001,91.2
-79.956759999987,40.465335000002,91.6
-79.956759999981,40.465335000004,91.8
-79.956759999974,40.465335000005,92.1
-79.956759999967,40.465335000006,92.3
-79.956194999998,40.465439,91.9
-79.955859999999,40.465484,91
-79.955492999998,40.465553,90.6
-79.955378999999,40.46557,90.9
-79.954868999996,40.465672000001,91.4
-79.954868999992,40.465672000002,91.7
-79.954339999999,40.46576,91.8
-79.953803999999,40.46585,91.4
-79.952962999999,40.466163,90.4
-79.952416,40.466142,90.5
-79.952078,40.466158,90.9
-79.951484999999,40.466158,91.4
-79.950653999996,40.466034999999,90.5
-79.949819999997,40.465908,90.2
-79.949002999998,40.465789,90
-79.948053999998,40.465653,89.9
-79.94805399999,40.465652999999,90
-79.947103999993,40.465501999999,89.9
-79.946433999997,40.465405,89.8
-79.945796999996,40.465326,90.1
-79.945035999999,40.465231,90.5
-79.944189999996,40.465122999999,91
-79.943767999999,40.465071,91.5
-79.942821999994,40.464923999999,91.4
-79.942084999997,40.464836,91.3
-79.941352999997,40.464751,91.8
-79.940812999998,40.464677,92.1
-79.940046999997,40.464567,91.4
-79.939428999997,40.464496,90.3
-79.939009999998,40.464492,90.3
-79.937830999999,40.464542,90.9
-79.937007999999,40.464589,90.7
-79.936472,40.464607,90.3
-79.935608999999,40.464668,89.9
-79.935359,40.464683,90.4
-79.935302,40.464663,91.2
-79.93525,40.464678,91.6
-79.935249999999,40.464678,91.8
-79.935249999999,40.464678,92
-79.935249999999,40.464678,92.2
-79.935249999998,40.464678000001,92.1
-79.935249999998,40.464678000001,92
-79.935249999997,40.464678000001,92.3
-79.935249999997,40.464678000001,92.5
-79.935249999996,40.464678000001,92.5
-79.935249999996,40.464678000001,92.3
-79.934539999991,40.464714000001,86.5
-79.934085,40.464593,86.5
-79.933316999997,40.464336999999,87
-79.933011999999,40.464237,86.8
-79.931270999999,40.463603,87
-79.930888,40.463463,87.4
-79.931094,40.46286,87.5
-79.931430000001,40.462319999999,86.8
-79.931952000002,40.461465999997,86.6
-79.932402000004,40.460705999994,87
-79.932839000003,40.459979999995,87.2
-79.933302000003,40.459252999996,87.7
-79.933551,40.458867,87.7
-79.933875,40.458352,87.8
-79.934097000001,40.457966999998,87.6
-79.934084,40.457088999999,87.8
-79.934083999999,40.457088999995,87.9
-79.933707999998,40.456569999997,88
-79.933424999998,40.456106999997,87.7
-79.933152999999,40.455682999998,87.7
-79.932823999998,40.455146999997,87.5
-79.932198999996,40.454077999994,87.9
-79.932198999992,40.454077999988,88.1
-79.932198999988,40.454077999982,88.3
-79.932198999985,40.454077999976,88.4
-79.932198999981,40.454077999969,88.4
-79.931919999998,40.453599999997,88.4
-79.931413999997,40.452756999996,88.2
-79.930989,40.45203,88.5
-79.930643,40.451445,88.5
-79.930642999997,40.451444999995,88.8
-79.930415999998,40.451025999997,88.7
-79.930131999998,40.450545999996,88.5
-79.929749999999,40.449856999998,88.5
-79.929686,40.449753,88.3
Longitude, Latitude, Humidity
-79.928755067596,40.444626034204,46
-79.930014000003,40.445199000001,48
-79.931755000003,40.445977000001,50
-79.931755000018,40.445977000008,49
-79.933072000008,40.446556000003,51
-79.934372000004,40.447111000002,52
-79.935453000001,40.447416,51
-79.936111000001,40.447575,52
-79.941303000026,40.447608,53
-79.94130300007,40.447608,50
-79.941303000114,40.447608000001,49
-79.941303000158,40.447608000001,51
-79.941303000202,40.447608000001,51
-79.943180000002,40.447521,51
-79.943180000013,40.447520999999,49
-79.943180000024,40.447520999999,46
-79.943180000035,40.447520999998,47
-79.944864000013,40.447376999999,48
-79.946042000005,40.44729,47
-79.947202000005,40.447213,48
-79.947809000002,40.447178,49
-79.948645,40.447113,48
-79.948645000002,40.447113,49
-79.949539000005,40.447026999999,50
-79.949539000013,40.447026999999,49
-79.94953900002,40.447026999998,48
-79.950528000001,40.446976,49
-79.952343000006,40.446305999998,48
-79.95234300002,40.446305999992,49
-79.954015000014,40.44512499999,50
-79.954015000028,40.44512499998,47
-79.956434000001,40.443427999999,48
-79.956434000009,40.443427999994,47
-79.957177000006,40.442903999996,46
-79.957875000005,40.442369999996,47
-79.958748000007,40.441718999995,46
-79.961162000012,40.439957999991,46
-79.961162000033,40.439957999976,45
-79.961162000053,40.439957999961,48
-79.962678000003,40.438824999998,51
-79.962678000012,40.438824999991,50
-79.963156000002,40.438430999999,48
-79.963536000001,40.438142999999,46
-79.963961000001,40.437899999999,45
-79.964878000004,40.437796,46
-79.965340000001,40.437615,48
-79.965917000001,40.437031999999,48
-79.966930000001,40.436541,48
-79.967817000005,40.43651,49
-79.970685000002,40.437082,51
-79.970685000019,40.437082000005,51
-79.971968000003,40.437524000001,50
-79.972304000001,40.437651,51
-79.975077000002,40.438189,49
-79.975077000022,40.438189000004,49
-79.975077000041,40.438189000007,49
-79.975765000003,40.438244,48
-79.976453000004,40.43829,48
-79.977027000003,40.438325,48
-79.977842000002,40.438361,47
-79.978801000003,40.438406,47
-79.979225,40.438414,48
-79.980437000004,40.438395,47
-79.980437000014,40.438395,47
-79.980437000025,40.438395,46
-79.981589000002,40.438476,43
-79.982892000006,40.438526,45
-79.984341000004,40.438604,45
-79.985644000011,40.43865,47
-79.987189000012,40.438709,47
-79.988600000007,40.438766,47
-79.990656000007,40.438842,47
-79.990656000024,40.438842000001,47
-79.994407000022,40.439800000006,46
-79.994407000054,40.439800000014,46
-79.994407000086,40.439800000022,47
-79.994407000117,40.43980000003,47
-79.994407000152,40.439800000039,48
-79.994407000184,40.439800000047,48
-79.994407000216,40.439800000055,48
-79.996211000005,40.439248999999,47
-79.99621100002,40.439248999994,48
-79.996211000035,40.439248999989,48
-79.99621100005,40.439248999985,47
-80.000086000026,40.440531000009,47
-80.000086000059,40.44053100002,48
-80.000086000092,40.44053100003,48
-80.000086000125,40.440531000041,48
-80.000086000157,40.440531000052,48
-80.00008600019,40.440531000063,48
-80.000086000223,40.440531000074,47
-80.000086000256,40.440531000085,46
-80.000086000288,40.440531000095,47
-80.000086000321,40.440531000106,47
-80.000086000354,40.440531000117,47
-80.002200000002,40.441493000001,46
-80.00220000002,40.441493000009,45
-80.002200000038,40.441493000017,46
-80.002200000055,40.441493000025,47
-80.002318999999,40.441897,47
-80.002158999999,40.442913000007,47
-80.002158999998,40.442913000015,47
-80.002158999996,40.442913000024,46
-80.002436000001,40.443414000002,47
-80.003140000001,40.445350000002,48
-80.003140000007,40.445350000018,48
-80.003140000013,40.445350000034,48
-80.003140000018,40.445350000051,48
-80.003140000024,40.445350000067,48
-80.00314000003,40.445350000084,47
-80.003140000036,40.4453500001,48
-80.003140000042,40.445350000116,48
-80.003892000003,40.447209000008,47
-80.00389200001,40.447209000024,47
-80.003892000016,40.447209000039,48
-80.004101000001,40.447534000001,49
-80.004101000002,40.447534000004,49
-80.004023,40.44709,48
-80.004073,40.446666,48
-80.004062,40.446644,48
-80.004502000001,40.446297999999,49
-80.004502000005,40.446297999996,49
-80.004502000009,40.446297999993,50
-80.004502000012,40.44629799999,50
-80.004502000016,40.446297999987,49
-80.005209000003,40.446054999999,48
-80.005911000002,40.445928,49
-80.006603000001,40.445818,49
-80.006982,40.445737,48
-80.007984,40.4456,49
-80.008509000003,40.445501999999,50
-80.009712000007,40.445292999999,50
-80.009712000014,40.445292999997,51
-80.009712000021,40.445292999996,52
-80.009712000028,40.445292999994,53
-80.009712000035,40.445292999993,53
-80.009712000042,40.445292999991,54
-80.009712000049,40.44529299999,53
-80.009712000056,40.445292999988,54
-80.009712000063,40.445292999987,53
-80.00971200007,40.445292999986,54
-80.009712000077,40.445292999984,54
-80.009712000084,40.445292999983,53
-80.009712000091,40.445292999981,54
-80.009712000098,40.44529299998,50
-80.009712000105,40.445292999978,46
-80.009712000112,40.445292999977,53
-80.009712000119,40.445292999975,51
-80.009712000126,40.445292999974,49
-80.009712000133,40.445292999973,49
-80.00971200014,40.445292999971,49
-80.009712000147,40.44529299997,50
-80.009712000154,40.445292999968,50
-80.009712000161,40.445292999967,50
-80.009712000168,40.445292999965,49
-80.009712000175,40.445292999964,51
-80.009712000182,40.445292999962,53
-80.009712000189,40.445292999961,59
-80.009712000196,40.44529299996,60
-80.009712000203,40.445292999958,55
-80.00971200021,40.445292999957,52
-80.009712000217,40.445292999955,51
-80.009712000224,40.445292999954,49
-80.009712000231,40.445292999952,49
-80.010331000002,40.445216,49
-80.010681000001,40.445163,50
-80.011283000003,40.445076,51
-80.01176,40.445012,52
-80.012538000005,40.444944,50
-80.013759000006,40.444822999999,50
-80.013759000017,40.444822999998,51
-80.014782000003,40.444839,51
-80.016037000001,40.444952,52
-80.016361000001,40.445058,51
-80.01667,40.445330000001,51
-80.016870000001,40.445467,50
-80.017172000002,40.445905000003,50
-80.017527000002,40.446770000004,50
-80.018547000008,40.446788,50
-80.019467000004,40.44673,48
-80.019853,40.446853,47
-80.020218000002,40.447784000006,48
-80.020218000005,40.447784000013,49
-80.020909,40.448091,48
-80.021287,40.449367000002,48
-80.021287000003,40.44936700001,49
-80.021287000005,40.449367000018,49
-80.022615000001,40.449487,48
-80.023105,40.449689,48
-80.023367,40.450351,48
-80.023454,40.450605,48
-80.023494,40.45068,48
-80.023702,40.451285000001,49
-80.023882,40.451764000001,48
-80.024236,40.452922000001,46
-80.024236000003,40.452922000011,48
-80.024236000006,40.452922000021,48
-80.024575000002,40.454011000007,49
-80.024575000005,40.454011000017,49
-80.024756000001,40.454552000004,49
-80.025014000002,40.455299000006,49
-80.025308000001,40.456062000004,48
-80.026310000001,40.456017,48
-80.026310000009,40.456017,47
-80.026724000002,40.455945,47
-80.027109,40.456595000001,47
-80.027302,40.457232000002,48
-80.027734,40.458581000001,48
-80.027734000004,40.458581000013,47
-80.027734000008,40.458581000024,48
-80.028449000001,40.458544,49
-80.029404000003,40.458364999999,50
-80.029716,40.458309,49
-80.029893000001,40.458765000002,48
-80.030112000001,40.459500000003,47
-80.031181000003,40.460001000001,48
-80.031181000012,40.460001000006,48
-80.031181000021,40.46000100001,48
-80.031375000001,40.460130000001,49
-80.031579000001,40.460846000004,48
-80.031823000001,40.461626000003,48
-80.031823000003,40.461626000009,48
-80.032242,40.462067,48
-80.033750000006,40.463327000004,47
-80.034809,40.464306,47
-80.035635000003,40.465118000003,48
-80.035972000001,40.465663000002,49
-80.036392000003,40.466390000005,49
-80.037005000001,40.467388000001,48
-80.037461000001,40.467900000001,49
-80.037977000002,40.468635000002,48
-80.038407000001,40.469244000001,47
-80.038778000001,40.469766000001,47
-80.039243000001,40.470419000002,49
-80.03951,40.47081,49
-80.039817000001,40.471282000001,49
-80.03992,40.471479,49
-80.040020000001,40.472107000005,49
-80.040067,40.472741000004,49
-80.040128,40.473581000005,49
-80.041047000002,40.473639,49
-80.041047000009,40.473639000001,49
-80.041585000003,40.473634,49
-80.042925000009,40.473583,49
-80.04292500002,40.473582999999,49
-80.043934000007,40.473614,49
-80.043934000015,40.473614,49
-80.043165999999,40.473508999999,50
-80.040803999992,40.473579,49
-80.040803999972,40.473579000001,49
-80.040803999952,40.473579000001,49
-80.040092,40.4737,47
-80.040091999999,40.473700000001,48
-80.040073,40.47371,48
-80.040079,40.473693,48
-80.040079,40.473693,48
-80.040079,40.473693,47
-80.04012,40.473711,48
-80.040194,40.473623,48
-80.04016,40.473159999997,47
-80.040146,40.472618999996,47
-80.040117,40.472057999997,49
-80.040084,40.471584999997,48
-80.039108999995,40.471588,49
-80.039108999987,40.471588000001,49
-80.038504999995,40.471680000001,48
-80.036612999986,40.471734,48
-80.03661299997,40.471734000001,48
-80.036612999954,40.471734000001,48
-80.036612999938,40.471734000002,49
-80.036612999922,40.471734000002,49
-80.036612999906,40.471734000003,49
-80.03661299989,40.471734000003,48
-80.036612999874,40.471734000004,48
-80.035974999996,40.471764,49
-80.035460999997,40.471738,52
-80.034870999996,40.471538999998,51
-80.034481999998,40.471408999999,51
-80.034119,40.471414,53
-80.034118999997,40.471414,52
-80.034008,40.471389,54
-80.033961,40.471386,54
-80.033709,40.471379,52
-80.033708999997,40.471379,51
-80.033708999995,40.471379,52
-80.035449000013,40.471592000002,52
-80.036546000003,40.471725,54
-80.037425000001,40.471715,53
-80.038233000003,40.472677000003,50
-80.039594000002,40.471634999998,50
-80.039594000014,40.471634999989,49
-80.039980000002,40.471535999999,49
-80.039694999999,40.470768999998,50
-80.039356999999,40.470294999999,49
-80.039032999999,40.469833999998,49
-80.038783999999,40.469506999999,50
-80.038428999998,40.468950999996,50
-80.037959999997,40.468278999995,49
-80.037585999998,40.467759999997,48
-80.037111999997,40.467041999996,47
-80.036589999998,40.466185999996,47
-80.036253,40.465597,47
-80.035807,40.46505,48
-80.035382,40.464646,48
-80.035001999999,40.464269999999,48
-80.034582999999,40.463869999999,49
-80.034061999999,40.463382999999,49
-80.033534,40.462957,49
-80.032796999997,40.462443999998,48
-80.032142999997,40.461948999997,46
-80.031743999999,40.461585999999,46
-80.031514999999,40.461209999998,47
-80.031162999999,40.461356000001,47
-80.031162999996,40.461356000002,48
-80.031382000001,40.46129,48
-80.031382000003,40.461289999999,47
-80.031382000005,40.461289999999,48
-80.031382000007,40.461289999998,48
-80.031442,40.461368000001,48
-80.03143,40.461418,49
-80.031388,40.461597000001,48
-80.030907999996,40.462115000004,47
-80.030310999997,40.461704999998,49
-80.030310999992,40.461704999995,50
-80.029769,40.461512,48
-80.029034999998,40.461251999999,48
-80.028492999999,40.461046999999,48
-80.027807999997,40.460767999999,48
-80.026889999996,40.460428999999,50
-80.025851999998,40.460054999999,50
-80.025851999989,40.460054999996,50
-80.025058999995,40.459732999998,50
-80.024384999996,40.459374999998,50
-80.023821999997,40.458998999998,50
-80.023193,40.458647,49
-80.022546999999,40.458565,49
-80.021718999998,40.458698,49
-80.020789999998,40.458867,48
-80.019805999998,40.459067,47
-80.018505999989,40.459329000002,47
-80.017612999997,40.459473,48
-80.017306999999,40.459536,48
-80.016581999996,40.459321999999,49
-80.01658199999,40.459321999997,49
-80.016274,40.458811999999,49
-80.015758999997,40.457285999993,48
-80.014617999992,40.456966000001,48
-80.014343999999,40.456435999998,48
-80.014167,40.455880999999,48
-80.013842,40.455078999999,48
-80.013841999997,40.455078999993,48
-80.013688999999,40.454416999997,49
-80.013654,40.454256,49
-80.013657,40.454188,49
-80.013151999997,40.45419,49
-80.013334000001,40.454118,49
-80.012895,40.453692,50
-80.013009,40.453183999999,52
-80.013009000002,40.453183999997,52
-80.013009000004,40.453183999994,51
-80.013135000001,40.453194,50
-80.013320000001,40.453294000001,49
-80.013610000001,40.453495000001,49
-80.013974,40.453678,49
-80.013974000003,40.453678000002,48
-80.014178000001,40.453763000001,49
-80.014178000003,40.453763000001,49
-80.014178000005,40.453763000002,51
-80.014178000006,40.453763000003,50
-80.014178000008,40.453763000003,50
-80.01417800001,40.453763000004,50
-80.014178000012,40.453763000005,49
-80.014178000013,40.453763000006,49
-80.014178000015,40.453763000006,49
-80.014178000017,40.453763000007,45
-80.014178000018,40.453763000008,43
-80.01417800002,40.453763000008,43
-80.014178000022,40.453763000009,45
-80.014178000024,40.45376300001,48
-80.014178000025,40.453763000011,47
-80.014178000027,40.453763000011,48
-80.014310000001,40.453831,45
-80.014326,40.453700999999,47
-80.014119,40.453116999999,46
-80.013557999995,40.452818999998,47
-80.013002999995,40.452498999997,47
-80.012815999999,40.452358,47
-80.012673,40.452148,48
-80.012191999997,40.451985999999,49
-80.011349999994,40.451608999997,50
-80.010713999999,40.451506,50
-80.009819999994,40.451720000001,50
-80.009202999998,40.451847,49
-80.008211999995,40.452047000001,49
-80.007870999999,40.452112,50
-80.007185999995,40.450996999992,48
-80.007185999989,40.450996999982,49
-80.007006999999,40.450349999998,49
-80.006677,40.449961,50
-80.005695999995,40.450126000001,52
-80.005189999998,40.450216,53
-80.004604,40.449204999999,51
-80.004603999998,40.449204999993,49
-80.003984999995,40.448261999992,50
-80.00398499999,40.448261999984,49
-80.003984999984,40.448261999976,49
-80.003782,40.447413999999,49
-80.003781999998,40.447413999993,48
-80.003682,40.446665999999,49
-80.003561,40.446172999999,49
-80.003365,40.445625999999,49
-80.003223,40.445246,49
-80.003013999999,40.444704999999,49
-80.002833999999,40.444283999999,49
-80.000079999984,40.443342999994,49
-80.00007999996,40.443342999986,49
-80.000079999937,40.443342999979,50
-80.000079999914,40.443342999971,49
-80.000079999891,40.443342999963,48
-80.000079999867,40.443342999955,48
-80.000079999844,40.443342999947,49
-80.000079999821,40.443342999939,49
-79.998264999995,40.443685000001,49
-79.99826499998,40.443685000004,49
-79.998264999965,40.443685000007,49
-79.998264999949,40.44368500001,48
-79.998264999934,40.443685000012,49
-79.993898999982,40.444980000005,48
-79.993898999945,40.444980000016,49
-79.993898999908,40.444980000027,48
-79.993898999871,40.444980000038,48
-79.993898999834,40.444980000049,47
-79.993898999797,40.44498000006,48
-79.99389899976,40.444980000071,48
-79.993898999723,40.444980000082,48
-79.993898999686,40.444980000093,49
-79.993898999649,40.444980000104,48
-79.993898999612,40.444980000115,48
-79.993361999999,40.446005000003,48
-79.993361999994,40.446005000011,49
-79.99336199999,40.44600500002,49
-79.993361999985,40.446005000029,49
-79.99336199998,40.446005000037,48
-79.992348,40.446745,46
-79.991517999993,40.447306000005,47
-79.990247999992,40.448088000005,47
-79.990247999982,40.448088000011,48
-79.989632999997,40.448444000002,48
-79.988886999996,40.448900000002,47
-79.987999999997,40.449432000002,47
-79.98775,40.449631,48
-79.987222999997,40.449976000002,48
-79.986282999993,40.450554000004,48
-79.985606999997,40.451005000002,48
-79.984804999997,40.451570000002,48
-79.984168999998,40.452036000001,48
-79.983606999999,40.452533000001,48
-79.982957999998,40.452984000001,48
-79.982197999998,40.453504000001,48
-79.981512999999,40.453989000001,48
-79.980862999999,40.454422000001,48
-79.980124999999,40.454935000001,48
-79.979420999999,40.455414,48
-79.978016999999,40.456388,49
-79.978016999992,40.456388000005,49
-79.977287999994,40.456914000004,48
-79.976652999996,40.457340000003,48
-79.976098999996,40.457696000002,48
-79.974311999995,40.458966000004,47
-79.973708999995,40.459366000003,47
-79.972961999994,40.459858000004,48
-79.972231999996,40.460367000003,47
-79.971629999997,40.460798000002,47
-79.970972999997,40.461258000002,47
-79.970019999994,40.461897000004,47
-79.969342999995,40.462367000004,47
-79.968526999999,40.463123000001,47
-79.967987999998,40.462975999999,48
-79.967448,40.46275,48
-79.967447999995,40.462749999998,47
-79.96727,40.46268,47
-79.96727,40.46268,47
-79.966837999999,40.462819,47
-79.966837999995,40.462819000002,47
-79.966501999999,40.463030000001,47
-79.966055999998,40.463344000001,47
-79.965341999997,40.463860000002,48
-79.964729,40.463996,48
-79.964337999999,40.464061,48
-79.963777999999,40.464154,47
-79.963777999994,40.464154000001,47
-79.963133999995,40.464276000001,48
-79.962645999999,40.464356,48
-79.962064999999,40.464456,47
-79.962064999995,40.464456000001,48
-79.961619999997,40.464519,48
-79.961203999997,40.464585,48
-79.960063999999,40.464773,47
-79.959502999998,40.464867,47
-79.959137999999,40.464938,46
-79.958633999998,40.465033,45
-79.958115999999,40.465111,46
-79.957625999999,40.465181,46
-79.957536,40.465192,47
-79.957551,40.465191,47
-79.957551,40.465191,48
-79.957551,40.465191,47
-79.956759999994,40.465335000001,46
-79.956759999987,40.465335000002,46
-79.956759999981,40.465335000004,46
-79.956759999974,40.465335000005,46
-79.956759999967,40.465335000006,45
-79.956194999998,40.465439,45
-79.955859999999,40.465484,45
-79.955492999998,40.465553,46
-79.955378999999,40.46557,46
-79.954868999996,40.465672000001,47
-79.954868999992,40.465672000002,46
-79.954339999999,40.46576,46
-79.953803999999,40.46585,46
-79.952962999999,40.466163,46
-79.952416,40.466142,46
-79.952078,40.466158,47
-79.951484999999,40.466158,47
-79.950653999996,40.466034999999,46
-79.949819999997,40.465908,46
-79.949002999998,40.465789,47
-79.948053999998,40.465653,47
-79.94805399999,40.465652999999,47
-79.947103999993,40.465501999999,47
-79.946433999997,40.465405,48
-79.945796999996,40.465326,47
-79.945035999999,40.465231,47
-79.944189999996,40.465122999999,47
-79.943767999999,40.465071,46
-79.942821999994,40.464923999999,46
-79.942084999997,40.464836,46
-79.941352999997,40.464751,46
-79.940812999998,40.464677,45
-79.940046999997,40.464567,46
-79.939428999997,40.464496,47
-79.939009999998,40.464492,48
-79.937830999999,40.464542,48
-79.937007999999,40.464589,48
-79.936472,40.464607,47
-79.935608999999,40.464668,48
-79.935359,40.464683,48
-79.935302,40.464663,48
-79.93525,40.464678,48
-79.935249999999,40.464678,49
-79.935249999999,40.464678,49
-79.935249999999,40.464678,50
-79.935249999998,40.464678000001,50
-79.935249999998,40.464678000001,46
-79.935249999997,40.464678000001,47
-79.935249999997,40.464678000001,48
-79.935249999996,40.464678000001,44
-79.935249999996,40.464678000001,39
-79.934539999991,40.464714000001,52
-79.934085,40.464593,53
-79.933316999997,40.464336999999,53
-79.933011999999,40.464237,51
-79.931270999999,40.463603,51
-79.930888,40.463463,50
-79.931094,40.46286,50
-79.931430000001,40.462319999999,50
-79.931952000002,40.461465999997,52
-79.932402000004,40.460705999994,51
-79.932839000003,40.459979999995,51
-79.933302000003,40.459252999996,50
-79.933551,40.458867,49
-79.933875,40.458352,49
-79.934097000001,40.457966999998,50
-79.934084,40.457088999999,50
-79.934083999999,40.457088999995,50
-79.933707999998,40.456569999997,50
-79.933424999998,40.456106999997,50
-79.933152999999,40.455682999998,50
-79.932823999998,40.455146999997,51
-79.932198999996,40.454077999994,51
-79.932198999992,40.454077999988,51
-79.932198999988,40.454077999982,51
-79.932198999985,40.454077999976,52
-79.932198999981,40.454077999969,51
-79.931919999998,40.453599999997,50
-79.931413999997,40.452756999996,50
-79.930989,40.45203,51
-79.930643,40.451445,50
-79.930642999997,40.451444999995,50
-79.930415999998,40.451025999997,49
-79.930131999998,40.450545999996,49
-79.929749999999,40.449856999998,50
-79.929686,40.449753,50
Longitude, Latitude, LAFmx
-79.930014000003,40.445199000001,97.9
-79.936111000001,40.447575,93.9
-79.943180000002,40.447521,97.8
-79.947202000005,40.447213,104.1
-79.94953900002,40.447026999998,89.3
-79.954015000028,40.44512499998,96.1
-79.958748000007,40.441718999995,96.3
-79.962678000012,40.438824999991,94.2
-79.965917000001,40.437031999999,97.2
-79.972304000001,40.437651,91.0
-79.977027000003,40.438325,90.8
-79.980437000025,40.438395,96.0
-79.987189000012,40.438709,102.8
-79.994407000086,40.439800000022,93.1
-79.996211000018,40.439248999994,85.4
-80.000086000121,40.44053100004,95.8
-80.000086000318,40.440531000105,90.8
-80.002349,40.441558,85.5
-80.003140000036,40.445350000098,95.8
-80.004101000002,40.447534000003,86.2
-80.004502000008,40.446297999994,88.7
-80.009712000013,40.445292999997,89.8
-80.009712000055,40.445292999989,96.0
-80.009712000097,40.44529299998,76.7
-80.00971200014,40.445292999971,77.3
-80.009712000182,40.445292999963,89.5
-80.009712000224,40.445292999954,88.1
-80.012538000005,40.444944,92.4
-80.016361000001,40.445058,93.7
-80.018547000007,40.446788,91.6
-80.021287,40.449367000001,87.4
-80.023454,40.450605,83.4
-80.024236000006,40.45292200002,84.6
-80.027734000004,40.458581000011,87.2
-80.030112000001,40.459500000002,88.1
-80.031823000001,40.461626000002,88.4
-80.033750000005,40.463327000004,88.8
-80.037461000001,40.467900000001,95.4
-80.039817000001,40.471282000001,90.8
-80.041047000009,40.473639000001,82.4
-80.043165999999,40.473508999999,79.0
-80.040091999999,40.473700000001,100.6
-80.040194,40.473623,82.3
-80.039108999988,40.471588000001,89.2
-80.036612999923,40.471734000002,85.5
-80.034870999996,40.471538999999,73.6
-80.033709,40.471379,90.7
-80.037425000001,40.471715,104.8
-80.039356999999,40.470294999999,91.4
-80.037111999998,40.467041999996,97.1
-80.034582999999,40.463869999999,92.8
-80.031743999999,40.461585999999,94.1
-80.031382000005,40.461289999999,84.6
-80.030907999996,40.462115000004,80.6
-80.027807999998,40.460767999999,86.6
-80.023821999997,40.458998999998,86.2
-80.019805999991,40.459067000002,88.0
-80.016274,40.458811999999,101.7
-80.014167,40.455881,95.3
-80.013151999997,40.45419,87.2
-80.013135000001,40.453194,89.6
-80.014178000003,40.453763000001,89.8
-80.014178000013,40.453763000005,92.5
-80.014178000023,40.45376300001,76.4
-80.014282,40.453564999999,77.8
-80.012816,40.452358,87.4
-80.009819999995,40.451720000001,90.4
-80.007007,40.450349999998,101.8
-80.004603999997,40.449204999988,96.3
-80.003682,40.446666,96.8
-80.000079999986,40.443342999995,103.2
-80.000079999846,40.443342999947,86.2
-79.998264999936,40.443685000012,81.6
-79.993898999801,40.444980000059,88.0
-79.993361999999,40.446005000002,89.8
-79.992347999995,40.446745000004,92.2
-79.987999999998,40.449432000001,90.4
-79.984168999999,40.452036000001,91.0
-79.980124999999,40.454935,90.9
-79.976652999996,40.457340000003,90.4
-79.972961999995,40.459858000003,89.2
-79.969342999995,40.462367000003,86.5
-79.96727,40.46268,87.5
-79.965736999998,40.463574000002,86.3
-79.963133999996,40.464276000001,87.7
-79.960805999997,40.464647,87.3
-79.957626,40.465181,90.2
-79.956759999988,40.465335000002,84.3
-79.955492999999,40.465553,84.1
-79.952962999999,40.466163,96.0
-79.949002999999,40.465789,94.3
-79.945035999999,40.465231,94.6
-79.940812999999,40.464677,95.1
-79.937007999993,40.464589,82.3
-79.93525,40.464678,78.0
-79.935249999997,40.464678000001,85.6
-79.935249999994,40.464678000002,91.0
-79.935249999992,40.464678000002,94.0
-79.935249999989,40.464678000003,84.2
-79.93489699999,40.464401999992,86.2
-79.934896999972,40.464401999978,91.1
-79.935299000008,40.464673000005,83.9
-79.935299000028,40.464673000019,76.6
-79.935299000049,40.464673000033,82.1
-79.935299000069,40.464673000047,87.6
-79.935299000089,40.46467300006,86.9
-79.93529900011,40.464673000074,84.5
-79.93529900013,40.464673000088,83.6
-79.935299000151,40.464673000102,76.6
-79.935299000171,40.464673000115,82.4
-79.935299000191,40.464673000129,82.5
-79.935299000212,40.464673000143,79.3
-79.935299000232,40.464673000157,76.2
-79.935299000253,40.46467300017,76.7
-79.935299000273,40.464673000184,81.9
-79.935299000293,40.464673000198,86.7
-79.935299000314,40.464673000212,81.8
-79.935299000334,40.464673000225,84.2
-79.935299000355,40.464673000239,77.3
-79.935299000375,40.464673000253,79.3
-79.935299000395,40.464673000267,79.3
-79.935299000416,40.46467300028,79.3
-79.935299000436,40.464673000294,88.5
-79.935299000457,40.464673000308,83.3
-79.935299000477,40.464673000322,85.0
-79.935299000497,40.464673000335,88.2
-79.935299000518,40.464673000349,82.4
-79.934539999998,40.464714,94.1
-79.931270999992,40.463602999997,97.5
-79.932839000002,40.459979999996,98.6
-79.934083999999,40.457088999996,91.8
-79.932198999997,40.454077999995,86.5
-79.931719999999,40.453255999999,85.5
-79.930131999998,40.450545999997,84.1
Longitude, Latitude, LAFmn
-79.930014000003,40.445199000001,64.6
-79.936111000001,40.447575,69.3
-79.943180000002,40.447521,64.3
-79.947202000005,40.447213,62.6
-79.94953900002,40.447026999998,62.5
-79.954015000028,40.44512499998,76.0
-79.958748000007,40.441718999995,68.0
-79.962678000012,40.438824999991,64.6
-79.965917000001,40.437031999999,69.6
-79.972304000001,40.437651,65.0
-79.977027000003,40.438325,67.7
-79.980437000025,40.438395,71.2
-79.987189000012,40.438709,67.6
-79.994407000086,40.439800000022,69.4
-79.996211000018,40.439248999994,65.2
-80.000086000121,40.44053100004,67.8
-80.000086000318,40.440531000105,67.8
-80.002349,40.441558,64.0
-80.003140000036,40.445350000098,65.3
-80.004101000002,40.447534000003,57.1
-80.004502000008,40.446297999994,55.9
-80.009712000013,40.445292999997,67.2
-80.009712000055,40.445292999989,65.6
-80.009712000097,40.44529299998,65.5
-80.00971200014,40.445292999971,67.5
-80.009712000182,40.445292999963,64.7
-80.009712000224,40.445292999954,62.4
-80.012538000005,40.444944,61.9
-80.016361000001,40.445058,59.6
-80.018547000007,40.446788,55.3
-80.021287,40.449367000001,60.7
-80.023454,40.450605,58.1
-80.024236000006,40.45292200002,55.1
-80.027734000004,40.458581000011,55.5
-80.030112000001,40.459500000002,60.5
-80.031823000001,40.461626000002,62.1
-80.033750000005,40.463327000004,60.3
-80.037461000001,40.467900000001,60.0
-80.039817000001,40.471282000001,57.6
-80.041047000009,40.473639000001,58.8
-80.043165999999,40.473508999999,62.4
-80.040091999999,40.473700000001,61.8
-80.040194,40.473623,59.3
-80.039108999988,40.471588000001,56.0
-80.036612999923,40.471734000002,64.3
-80.034870999996,40.471538999999,54.5
-80.033709,40.471379,53.1
-80.037425000001,40.471715,63.3
-80.039356999999,40.470294999999,61.6
-80.037111999998,40.467041999996,69.0
-80.034582999999,40.463869999999,58.2
-80.031743999999,40.461585999999,63.6
-80.031382000005,40.461289999999,61.5
-80.030907999996,40.462115000004,60.8
-80.027807999998,40.460767999999,61.5
-80.023821999997,40.458998999998,65.3
-80.019805999991,40.459067000002,64.2
-80.016274,40.458811999999,55.7
-80.014167,40.455881,61.1
-80.013151999997,40.45419,59.5
-80.013135000001,40.453194,63.7
-80.014178000003,40.453763000001,66.9
-80.014178000013,40.453763000005,64.1
-80.014178000023,40.45376300001,61.1
-80.014282,40.453564999999,55.0
-80.012816,40.452358,56.6
-80.009819999995,40.451720000001,61.1
-80.007007,40.450349999998,69.1
-80.004603999997,40.449204999988,67.9
-80.003682,40.446666,66.1
-80.000079999986,40.443342999995,68.5
-80.000079999846,40.443342999947,63.1
-79.998264999936,40.443685000012,66.3
-79.993898999801,40.444980000059,64.4
-79.993361999999,40.446005000002,66.7
-79.992347999995,40.446745000004,65.7
-79.987999999998,40.449432000001,62.3
-79.984168999999,40.452036000001,63.9
-79.980124999999,40.454935,67.2
-79.976652999996,40.457340000003,61.3
-79.972961999995,40.459858000003,61.1
-79.969342999995,40.462367000003,58.6
-79.96727,40.46268,60.8
-79.965736999998,40.463574000002,55.5
-79.963133999996,40.464276000001,53.9
-79.960805999997,40.464647,57.9
-79.957626,40.465181,60.8
-79.956759999988,40.465335000002,59.4
-79.955492999999,40.465553,62.7
-79.952962999999,40.466163,68.7
-79.949002999999,40.465789,64.1
-79.945035999999,40.465231,63.3
-79.940812999999,40.464677,63.1
-79.937007999993,40.464589,56.5
-79.93525,40.464678,58.6
-79.935249999997,40.464678000001,60.7
-79.935249999994,40.464678000002,66.4
-79.935249999992,40.464678000002,67.4
-79.935249999989,40.464678000003,68.0
-79.93489699999,40.464401999992,68.9
-79.934896999972,40.464401999978,68.7
-79.935299000008,40.464673000005,68.3
-79.935299000028,40.464673000019,68.3
-79.935299000049,40.464673000033,68.4
-79.935299000069,40.464673000047,67.8
-79.935299000089,40.46467300006,67.8
-79.93529900011,40.464673000074,68.7
-79.93529900013,40.464673000088,68.7
-79.935299000151,40.464673000102,67.8
-79.935299000171,40.464673000115,68.0
-79.935299000191,40.464673000129,67.6
-79.935299000212,40.464673000143,67.3
-79.935299000232,40.464673000157,67.2
-79.935299000253,40.46467300017,67.9
-79.935299000273,40.464673000184,67.1
-79.935299000293,40.464673000198,67.9
-79.935299000314,40.464673000212,67.3
-79.935299000334,40.464673000225,67.0
-79.935299000355,40.464673000239,66.4
-79.935299000375,40.464673000253,68.9
-79.935299000395,40.464673000267,69.6
-79.935299000416,40.46467300028,66.3
-79.935299000436,40.464673000294,72.5
-79.935299000457,40.464673000308,72.4
-79.935299000477,40.464673000322,71.8
-79.935299000497,40.464673000335,61.7
-79.935299000518,40.464673000349,58.9
-79.934539999998,40.464714,59.1
-79.931270999992,40.463602999997,67.9
-79.932839000002,40.459979999996,61.0
-79.934083999999,40.457088999996,62.3
-79.932198999997,40.454077999995,60.3
-79.931719999999,40.453255999999,65.8
-79.930131999998,40.450545999997,64.0
Longitude, Latitude, LAeq
-79.930014000003,40.445199000001,83.4
-79.936111000001,40.447575,81.8
-79.943180000002,40.447521,82.7
-79.947202000005,40.447213,85.9
-79.94953900002,40.447026999998,78.7
-79.954015000028,40.44512499998,86.1
-79.958748000007,40.441718999995,83.6
-79.962678000012,40.438824999991,78.3
-79.965917000001,40.437031999999,85.5
-79.972304000001,40.437651,78.7
-79.977027000003,40.438325,81.5
-79.980437000025,40.438395,83.9
-79.987189000012,40.438709,86.4
-79.994407000086,40.439800000022,79.6
-79.996211000018,40.439248999994,74.2
-80.000086000121,40.44053100004,81.0
-80.000086000318,40.440531000105,78.9
-80.002349,40.441558,71.5
-80.003140000036,40.445350000098,79.6
-80.004101000002,40.447534000003,71.1
-80.004502000008,40.446297999994,76.2
-80.009712000013,40.445292999997,75.1
-80.009712000055,40.445292999989,73.7
-80.009712000097,40.44529299998,71.6
-80.00971200014,40.445292999971,71.2
-80.009712000182,40.445292999963,73.8
-80.009712000224,40.445292999954,72.9
-80.012538000005,40.444944,75.3
-80.016361000001,40.445058,74.6
-80.018547000007,40.446788,74.2
-80.021287,40.449367000001,74.4
-80.023454,40.450605,70.4
-80.024236000006,40.45292200002,69.2
-80.027734000004,40.458581000011,70.6
-80.030112000001,40.459500000002,77.0
-80.031823000001,40.461626000002,72.7
-80.033750000005,40.463327000004,76.9
-80.037461000001,40.467900000001,79.6
-80.039817000001,40.471282000001,74.8
-80.041047000009,40.473639000001,69.7
-80.043165999999,40.473508999999,69.8
-80.040091999999,40.473700000001,77.5
-80.040194,40.473623,70.0
-80.039108999988,40.471588000001,79.7
-80.036612999923,40.471734000002,77.8
-80.034870999996,40.471538999999,61.5
-80.033709,40.471379,75.9
-80.037425000001,40.471715,92.5
-80.039356999999,40.470294999999,78.7
-80.037111999998,40.467041999996,82.6
-80.034582999999,40.463869999999,79.9
-80.031743999999,40.461585999999,79.9
-80.031382000005,40.461289999999,74.0
-80.030907999996,40.462115000004,69.5
-80.027807999998,40.460767999999,76.6
-80.023821999997,40.458998999998,77.0
-80.019805999991,40.459067000002,77.9
-80.016274,40.458811999999,86.0
-80.014167,40.455881,81.4
-80.013151999997,40.45419,74.0
-80.013135000001,40.453194,79.6
-80.014178000003,40.453763000001,80.6
-80.014178000013,40.453763000005,73.8
-80.014178000023,40.45376300001,67.4
-80.014282,40.453564999999,66.0
-80.012816,40.452358,70.8
-80.009819999995,40.451720000001,78.4
-80.007007,40.450349999998,87.1
-80.004603999997,40.449204999988,82.4
-80.003682,40.446666,82.4
-80.000079999986,40.443342999995,90.4
-80.000079999846,40.443342999947,73.4
-79.998264999936,40.443685000012,73.5
-79.993898999801,40.444980000059,79.0
-79.993361999999,40.446005000002,80.7
-79.992347999995,40.446745000004,80.0
-79.987999999998,40.449432000001,78.2
-79.984168999999,40.452036000001,79.0
-79.980124999999,40.454935,80.6
-79.976652999996,40.457340000003,80.3
-79.972961999995,40.459858000003,78.6
-79.969342999995,40.462367000003,74.4
-79.96727,40.46268,74.2
-79.965736999998,40.463574000002,75.7
-79.963133999996,40.464276000001,73.2
-79.960805999997,40.464647,75.3
-79.957626,40.465181,73.6
-79.956759999988,40.465335000002,73.4
-79.955492999999,40.465553,74.6
-79.952962999999,40.466163,82.4
-79.949002999999,40.465789,84.6
-79.945035999999,40.465231,80.1
-79.940812999999,40.464677,82.0
-79.937007999993,40.464589,72.7
-79.93525,40.464678,67.0
-79.935249999997,40.464678000001,70.3
-79.935249999994,40.464678000002,73.3
-79.935249999992,40.464678000002,73.3
-79.935249999989,40.464678000003,72.1
-79.93489699999,40.464401999992,75.1
-79.934896999972,40.464401999978,74.9
-79.935299000008,40.464673000005,74.0
-79.935299000028,40.464673000019,70.9
-79.935299000049,40.464673000033,71.8
-79.935299000069,40.464673000047,72.6
-79.935299000089,40.46467300006,72.7
-79.93529900011,40.464673000074,73.1
-79.93529900013,40.464673000088,72.2
-79.935299000151,40.464673000102,70.5
-79.935299000171,40.464673000115,72.5
-79.935299000191,40.464673000129,72.1
-79.935299000212,40.464673000143,71.1
-79.935299000232,40.464673000157,69.7
-79.935299000253,40.46467300017,70.7
-79.935299000273,40.464673000184,71.3
-79.935299000293,40.464673000198,71.5
-79.935299000314,40.464673000212,71.3
-79.935299000334,40.464673000225,69.6
-79.935299000355,40.464673000239,68.8
-79.935299000375,40.464673000253,75.7
-79.935299000395,40.464673000267,75.9
-79.935299000416,40.46467300028,73.2
-79.935299000436,40.464673000294,77.5
-79.935299000457,40.464673000308,76.8
-79.935299000477,40.464673000322,76.8
-79.935299000497,40.464673000335,75.0
-79.935299000518,40.464673000349,73.2
-79.934539999998,40.464714,82.7
-79.931270999992,40.463602999997,88.9
-79.932839000002,40.459979999996,88.0
-79.934083999999,40.457088999996,80.7
-79.932198999997,40.454077999995,74.4
-79.931719999999,40.453255999999,76.1
-79.930131999998,40.450545999997,74.0
Longitude, Latitude, LCpk
-79.930014000003,40.445199000001,124.5
-79.936111000001,40.447575,121.4
-79.943180000002,40.447521,125.0
-79.947202000005,40.447213,125.7
-79.94953900002,40.447026999998,120.3
-79.954015000028,40.44512499998,124.4
-79.958748000007,40.441718999995,124.3
-79.962678000012,40.438824999991,121.7
-79.965917000001,40.437031999999,124.6
-79.972304000001,40.437651,119.5
-79.977027000003,40.438325,114.1
-79.980437000025,40.438395,123.5
-79.987189000012,40.438709,125.5
-79.994407000086,40.439800000022,123.4
-79.996211000018,40.439248999994,112.6
-80.000086000121,40.44053100004,121.2
-80.000086000318,40.440531000105,115.6
-80.002349,40.441558,113.2
-80.003140000036,40.445350000098,118.8
-80.004101000002,40.447534000003,113.3
-80.004502000008,40.446297999994,118.5
-80.009712000013,40.445292999997,117.4
-80.009712000055,40.445292999989,120.5
-80.009712000097,40.44529299998,100.7
-80.00971200014,40.445292999971,102.1
-80.009712000182,40.445292999963,114.3
-80.009712000224,40.445292999954,112.5
-80.012538000005,40.444944,117.6
-80.016361000001,40.445058,118.4
-80.018547000007,40.446788,120.5
-80.021287,40.449367000001,115.2
-80.023454,40.450605,112.0
-80.024236000006,40.45292200002,110.8
-80.027734000004,40.458581000011,114.9
-80.030112000001,40.459500000002,115.9
-80.031823000001,40.461626000002,114.7
-80.033750000005,40.463327000004,118.8
-80.037461000001,40.467900000001,114.7
-80.039817000001,40.471282000001,119.8
-80.041047000009,40.473639000001,113.9
-80.043165999999,40.473508999999,107.5
-80.040091999999,40.473700000001,125.6
-80.040194,40.473623,109.5
-80.039108999988,40.471588000001,108.1
-80.036612999923,40.471734000002,104.0
-80.034870999996,40.471538999999,102.6
-80.033709,40.471379,116.2
-80.037425000001,40.471715,125.7
-80.039356999999,40.470294999999,112.0
-80.037111999998,40.467041999996,122.6
-80.034582999999,40.463869999999,120.6
-80.031743999999,40.461585999999,123.0
-80.031382000005,40.461289999999,109.6
-80.030907999996,40.462115000004,106.5
-80.027807999998,40.460767999999,108.9
-80.023821999997,40.458998999998,110.2
-80.019805999991,40.459067000002,115.7
-80.016274,40.458811999999,125.7
-80.014167,40.455881,119.5
-80.013151999997,40.45419,114.8
-80.013135000001,40.453194,111.3
-80.014178000003,40.453763000001,113.2
-80.014178000013,40.453763000005,119.6
-80.014178000023,40.45376300001,105.4
-80.014282,40.453564999999,105.0
-80.012816,40.452358,114.9
-80.009819999995,40.451720000001,117.4
-80.007007,40.450349999998,125.7
-80.004603999997,40.449204999988,118.4
-80.003682,40.446666,119.4
-80.000079999986,40.443342999995,125.7
-80.000079999846,40.443342999947,112.5
-79.998264999936,40.443685000012,108.9
-79.993898999801,40.444980000059,114.9
-79.993361999999,40.446005000002,115.6
-79.992347999995,40.446745000004,116.5
-79.987999999998,40.449432000001,114.4
-79.984168999999,40.452036000001,114.4
-79.980124999999,40.454935,115.3
-79.976652999996,40.457340000003,115.9
-79.972961999995,40.459858000003,114.2
-79.969342999995,40.462367000003,115.4
-79.96727,40.46268,112.0
-79.965736999998,40.463574000002,107.4
-79.963133999996,40.464276000001,110.2
-79.960805999997,40.464647,112.7
-79.957626,40.465181,113.0
-79.956759999988,40.465335000002,105.8
-79.955492999999,40.465553,111.6
-79.952962999999,40.466163,118.5
-79.949002999999,40.465789,116.4
-79.945035999999,40.465231,115.3
-79.940812999999,40.464677,117.1
-79.937007999993,40.464589,108.1
-79.93525,40.464678,101.4
-79.935249999997,40.464678000001,105.7
-79.935249999994,40.464678000002,114.7
-79.935249999992,40.464678000002,118.3
-79.935249999989,40.464678000003,98.1
-79.93489699999,40.464401999992,101.0
-79.934896999972,40.464401999978,110.7
-79.935299000008,40.464673000005,106.3
-79.935299000028,40.464673000019,95.6
-79.935299000049,40.464673000033,98.0
-79.935299000069,40.464673000047,100.8
-79.935299000089,40.46467300006,102.1
-79.93529900011,40.464673000074,104.0
-79.93529900013,40.464673000088,105.6
-79.935299000151,40.464673000102,96.4
-79.935299000171,40.464673000115,98.1
-79.935299000191,40.464673000129,103.3
-79.935299000212,40.464673000143,96.9
-79.935299000232,40.464673000157,93.2
-79.935299000253,40.46467300017,100.8
-79.935299000273,40.464673000184,106.1
-79.935299000293,40.464673000198,104.3
-79.935299000314,40.464673000212,96.8
-79.935299000334,40.464673000225,98.4
-79.935299000355,40.464673000239,98.9
-79.935299000375,40.464673000253,100.8
-79.935299000395,40.464673000267,101.8
-79.935299000416,40.46467300028,100.0
-79.935299000436,40.464673000294,111.2
-79.935299000457,40.464673000308,102.4
-79.935299000477,40.464673000322,101.6
-79.935299000497,40.464673000335,114.8
-79.935299000518,40.464673000349,104.0
-79.934539999998,40.464714,119.8
-79.931270999992,40.463602999997,125.5
-79.932839000002,40.459979999996,125.8
-79.934083999999,40.457088999996,114.5
-79.932198999997,40.454077999995,111.8
-79.931719999999,40.453255999999,111.1
-79.930131999998,40.450545999997,106.6
